1.241990566253662109e+00
2.172003269195556641e+00
9.685660600662231445e-01
9.841243028640747070e-01
7.461939454078674316e-01
9.603329300880432129e-01
1.075525999069213867e+00
9.404394626617431641e-01
1.037262558937072754e+00
9.313552379608154297e-01
1.039365649223327637e+00
8.099730014801025391e-01
1.136717081069946289e+00
1.485602140426635742e+00
1.028772115707397461e+00
1.225799798965454102e+00
1.053586244583129883e+00
1.004871845245361328e+00
1.069882035255432129e+00
8.979353904724121094e-01
2.190802574157714844e+00
4.019998013973236084e-03
5.463445186614990234e-01
3.112913873337674886e-07
1.490963168898629121e-12
9.274424284111404404e-11
1.007838218356482685e-04
1.290894627571105957e+00
8.822121699836316111e-09
2.000507811317220330e-04
4.098687611436336621e-16
8.115217685699462891e-01
1.157405853271484375e+00
4.185315732146372112e-23
7.480287678163222154e-08
2.622041210997849703e-05
1.545948034618049860e-04
1.007524730312070460e-09
2.250691205263137817e-01
4.369221358047070680e-07
5.964129741187207401e-07
9.207724360749125481e-08
1.527440428733825684e+00
1.816839539969805628e-05
1.067355646694126962e-17
1.318374082043553790e-34
6.064711856627533204e-15
9.307264117524027824e-04
6.247460326846976386e-10
4.003570044930349070e-11
3.456922595401756837e-11
1.834428360325546237e-07
5.590638890862464905e-02
2.224425754704384417e-09
7.564725819975137711e-05
6.009051576256752014e-03
5.079894661903381348e-01
1.048673293553292751e-03
9.048035565228929045e-08
1.082319417037069798e-03
1.491933944635093212e-03
1.184461265802383423e-01
5.714663409150944062e-09
7.245853814802188490e-27
8.241642035500262864e-09
8.604009948953716957e-09
1.276686438858587458e-12
5.435831844806671143e-02
4.540634836303070188e-05
5.975692163318058192e-10
1.008601984153756348e-07
1.503880071140883956e-06
3.106073176439849703e-09
9.285499480427006347e-09
2.608960494399070740e-05
8.614412294605244824e-09
6.685197353363037109e-01
1.934143528342247009e-02
2.185549528803676367e-04
4.478828355465456874e-26
7.549763836323108990e-08
7.235871901656310001e-10
3.320211076560108943e-12
2.973318657950585475e-07
5.478682396642398089e-06
1.339312434196472168e+00
1.820304244756698608e-01
1.116879936307668686e-02
1.083430275321006775e-01
1.552605419419705868e-03
3.872898909126204492e-15
1.077503526403233991e-07
1.171152107417583466e-03
5.109035223722457886e-02
1.957975924015045166e-01
3.905926272273063660e-02
3.444938329266733490e-06
2.252103513455949724e-05
1.515912862696727406e-17
1.653610088396817446e-04
1.581285032443702221e-04
4.713157086833064113e-10
2.724804737397334975e-08
2.155919350379023602e-13
1.729584997519850731e-03
2.370997001637590484e-42
5.442793369293212891e-01
2.012546792684588581e-05
6.214405345872364705e-08
6.974529043191068922e-08
1.093985163606703281e-03
3.713504524947543972e-22
6.095787936921670536e-13
2.992435672085486109e-13
6.493186437611436421e-15
7.971325430844444782e-06
5.732772923039419766e-09
5.950397508058813401e-09
5.083893775008618832e-04
7.765046029817312956e-05
1.974213146390201302e-21
3.302201620007232672e-16
2.740417122840881348e-01
2.959920448932645831e-13
4.390845596790313721e-01
1.710565925350238103e-06
6.069929152727127075e-02
4.348132964793194333e-12
5.717936552722018798e-27
3.276852890849113464e-03
4.141884613062529752e-10
6.167457439005374908e-03
1.300614245030300264e-34
1.991893863305449486e-03
1.070263862609863281e+00
1.279047428397461772e-04
1.053294727171305567e-05
1.323114702245220542e-07
2.577820733419497073e-23
6.856452673673629761e-03
3.031728267669677734e-01
1.282820405457130164e-09
9.293912351131439209e-02
7.959835231304168701e-02
1.533568318943717315e-22
7.698572881054133177e-05
1.581803789513018869e-33
1.023021899163722992e-02
2.648887971190561075e-07
1.220994163304567337e-04
3.223840083776963183e-10
5.847262684255838394e-03
7.581111043691635132e-02
6.464718761397050817e-14
3.957756146919919166e-20
1.625569653697311878e-03
1.436607819050550461e-02
1.027901722072677160e-12
8.021781923162052408e-07
4.702074511442333460e-04
5.024073645472526550e-02
1.843685132567110248e-16
3.614961460698395967e-04
1.452078856527805328e-02
6.279530376195907593e-02
2.109678030014038086e+00
8.546994256973747037e-23
2.185243630492550437e-08
1.265399305339087732e-07
1.349109131842851639e-02
8.675612043589353561e-04
7.768934965133666992e-02
2.847088646925569760e-15
1.096201986605302436e-13
5.779888597317039967e-04
2.469139039855674643e-19
2.933211670514551672e-13
1.088878118111951352e-24
2.026502890054889128e-31
3.995596896857023239e-03
3.239252865314483643e-01
9.339309326605871320e-05
1.242555727363689466e-13
2.776049541353131644e-07
6.669845432043075562e-03
1.408168054961938761e-16
3.303660411824841610e-21
5.702920607291162014e-04
2.016241225728788731e-23
1.405971050262451172e+00
8.240960538387298584e-03
1.587485458003357053e-04
6.111798062920570374e-02
2.219790295128151708e-24
3.901624819263815880e-03
5.531014535264944243e-11
9.365085861645638943e-05
8.160779252648353577e-03
1.433311843872070312e+01
1.696230657398700714e-02
1.330159900000000000e+07
2.125598125000000000e+05
8.737886810302734375e+01
1.034329702400000000e+11
8.010499954223632812e+00
9.582636356353759766e-01
1.733859606528000000e+12
2.230513458251953125e+02
3.647656860351562500e+02
2.596562957763671875e+01
1.861017575694008320e+17
2.774158007812500000e+04
5.006361083984375000e+02
1.050352832031250000e+04
3.138230590820312500e+02
2.638985216617584229e-01
4.788369140625000000e+04
4.069701954722404480e-02
5.385783314704895020e-02
2.106605768203735352e+00
4.227133103995583951e-05
1.608886016000000000e+09
9.245893096923828125e+01
2.153118750000000000e+04
2.027108706533908844e-02
4.179271757602691650e-01
2.352864456176757812e+01
1.546104848384857178e-01
1.623543262481689453e+00
2.621992588043212891e+00
1.736073046922683716e-01
6.627981364727020264e-02
2.350225448608398438e+00
5.556566238403320312e+01
2.201141662597656250e+02
9.024249911308288574e-01
6.180399902343750000e+03
4.770764375000000000e+05
3.490636050701141357e-01
5.240701436996459961e-01
1.159065738320350647e-01
5.113407208037427769e-17
1.307051372528076172e+01
1.379024386405944824e+00
4.833156242966651917e-02
3.968845680356025696e-02
4.863976955413818359e+00
2.859117686748504639e-01
2.878871746361255646e-03
1.293824958281675208e-08
4.074177932739257812e+01
1.162497924804687500e+03
3.051704168319702148e-02
1.539913821034133434e-03
4.783669738769531250e+02
1.216417737305164337e-02
1.555922603607177734e+01
2.178920936584472656e+01
6.979170799255371094e+00
3.431217908859252930e+00
4.253596496582031250e+02
1.376527023315429688e+01
1.473745465278625488e+00
2.625707187500000000e+05
1.855268601502757519e-05
4.416818141937255859e+00
5.308088657329790294e-05
1.664957421875000000e+04
3.668759949505329132e-03
1.399663276970386505e-02
6.769330240786075592e-03
2.095891105560192352e+21
8.202067647289368324e-07
1.757380552589893341e-02
8.568992018699645996e-01
4.058815166354179382e-02
6.457033008337020874e-02
3.903826904296875000e+02
6.980753280000000000e+08
9.418382400000000000e+07
3.657288312911987305e+00
6.846267223358154297e+00
5.234310913085937500e+01
1.083259506225585938e+02
3.697027862071990967e-01
1.869660991360433400e-05
6.233074218750000000e+03
4.272669903002679348e-04
3.393996059894561768e-01
3.561826562500000000e+04
1.694392267381772399e-06
7.139254307730880100e-07
6.872083246707916260e-02
5.975668457031250000e+03
4.772121086716651917e-02
5.664115026593208313e-02
1.284879112243652344e+01
1.706455805106088519e-04
1.400034720000000000e+08
2.117451667785644531e+00
2.539714813232421875e+00
2.200276702642440796e-01
6.679236143827438354e-02
4.348719406127929688e+01
1.337469462305307388e-02
1.805430793762207031e+01
6.308976500000000000e+06
6.277325749397277832e-02
1.525208055973052979e-01
2.617785120000000000e+08
4.031139373779296875e+01
6.407920500000000000e+06
1.769182920455932617e+00
2.375919558107852936e-02
3.168382873535156250e+02
1.254169493913650513e-01
3.222856915327385600e+16
3.046144008636474609e+00
6.497630383819341660e-03
7.666316032409667969e+00
1.971200574189424515e-03
1.351243877410888672e+01
1.475049339205725119e-05
8.627153015136718750e+01
8.646589843750000000e+04
3.581752538681030273e+00
1.050129067152738571e-04
5.073603391647338867e-01
1.560250043869018555e+00
3.738638305664062500e+01
1.721521139144897461e+00
8.137375116348266602e-02
1.052770750000000000e+06
3.052701416015625000e+02
7.414184800000000000e+07
5.076308920979499817e-02
1.603054255247116089e-01
1.923310160636901855e-01
5.610427093505859375e+01
4.310949742794036865e-01
1.450262355804443359e+01
8.204303383827209473e-01
2.152597997337579727e-03
1.061847805976867676e+00
5.906445693969726562e+01
3.357455134391784668e-01
5.285574375000000000e+05
6.746490478515625000e+01
4.266774609375000000e+04
4.728174316406250000e+03
6.304899579845368862e-05
5.664814636111259460e-02
4.520764160156250000e+01
3.589779281616210938e+01
1.776988647179678082e-04
3.343875287100672722e-04
2.715129394531250000e+02
3.661163151264190674e-02
1.683384704589843750e+02
3.201139926910400391e+00
2.412607955932617188e+01
1.089190307617187500e+03
1.001429516568619338e-12
1.430515766143798828e+00
8.357495069503784180e-02
2.765906250000000000e+06
5.133864935487508774e-03
2.435312606394290924e-03
4.089414000000000000e+06
4.647197116014467611e-08
3.700825254782103002e-05
9.755715820312500000e+03
3.943529725074768066e-01
4.411764740943908691e-01
5.318819894455373287e-04
4.699612361491745105e-07
9.105336666107177734e-02
5.726140136718750000e+02
3.393965587019920349e-02
1.530875451862812042e-02
9.318533539772033691e-01
4.176264286041259766e+00
3.324017333984375000e+03
1.821666598320007324e+00
6.455550342798233032e-02
7.910240441560745239e-03
3.623795000000000000e+06
2.675411796569824219e+01
4.452449455857276917e-02
4.191484451293945312e+00
3.162882057949900627e-04
1.192050520330667496e-03
1.348614454269409180e+00
4.668858367949724197e-03
5.419931312644621357e-06
1.249658325195312500e+03
7.238780517578125000e+02
1.865427047014236450e-01
7.480438995361328125e+01
1.324329345703125000e+03
1.029765014648437500e+03
3.157750368118286133e-01
1.517198256806295831e-06
5.643603801727294922e-01
1.527579479443375021e-05
2.075793151855468750e+02
5.490876734256744385e-02
4.613811950683593750e+02
3.026955761015415192e-03
1.160287857055664062e-02
5.050011157989501953e+00
1.695112466812133789e+00
2.369011752307415009e-02
4.486744001042097807e-04
4.379910975694656372e-02
3.559217788279056549e-03
7.226224988698959351e-05
4.086259305477142334e-01
1.705916404724121094e+00
3.032225608825683594e+00
3.815067291259765625e+00
1.614360094070434570e+00
4.500260651111602783e-01
8.816033935546875000e+01
1.321918976000000000e+09
1.322504138946533203e+01
2.434733178233727813e-04
1.528336048126220703e+00
2.047617031250000000e+05
9.416130342287942767e-05
7.547030448913574219e+00
2.512712646484375000e+03
2.621374465525150299e-02
3.894519653320312500e+02
3.112904357910156250e+02
1.821229375309485476e-06
1.506086111068725586e+00
6.345181465148925781e+00
7.023439025878906250e+01
2.555689570726826787e-05
8.205196936614811420e-04
5.539898872375488281e+00
6.533800800000000000e+07
2.554088623046875000e+03
2.854405800000000000e+07
4.203073680400848389e-02
1.032425642013549805e+00
3.847661195322871208e-03
2.727383616729639471e-07
1.269511342048645020e+00
1.504139804840087891e+01
1.478817871093750000e+04
9.111328125000000000e+03
1.758444000188319478e-06
6.433056201785802841e-03
3.254283219575881958e-02
2.055697812500000000e+05
1.381137609481811523e+00
1.056590087890625000e+03
1.194705400848761201e-04
1.287943632632959634e-06
1.859661438174953219e-07
8.319964632391929626e-03
2.143008849920000000e+12
2.174783498048782349e-01
5.665620400000000000e+07
8.193657267838716507e-04
1.258144021034240723e+00
2.226721346378326416e-01
4.221213531494140625e+01
3.283376464843750000e+02
2.618297753600000000e+10
5.954704061150550842e-02
1.180998980998992920e-02
6.444588652811944485e-04
1.427183837890625000e+02
2.229888200759887695e+00
1.276245893677696586e-04
3.452259406913071871e-04
5.715617200000000000e+07
4.635545337805524468e-06
4.434751987457275391e+00
1.494721412658691406e+01
3.240596875548362732e-02
1.003437597656250000e+04
1.682898902893066406e+01
1.188425358122913167e-06
8.957997070312500000e+03
7.040822505950927734e-01
1.468557398766279221e-03
3.190471616107970476e-04
2.440483398437500000e+03
1.438704599898699144e-09
2.733472585678100586e+00
3.513808012008666992e+00
6.832437896728515625e+01
2.982736206054687500e+02
2.445180416107177734e-01
4.485374927520751953e+00
1.037739501535267506e-13
5.903622627258300781e+00
1.321042887866497040e-02
3.636720480315602799e-09
1.541312551125884056e-03
6.065124988555908203e+00
2.496702671051025391e+00
8.205385804176330566e-01
2.832887768745422363e-01
7.528289794921875000e+01
4.329369403421878815e-04
1.907730649008954060e-07
1.054091930389404297e+00
1.571335875000000000e+06
2.246571406250000000e+05
1.519312675668516022e-08
2.694494426250457764e-01
5.789715290069580078e+00
1.147037220001220703e+01
2.454096221923828125e+02
7.598511129617691040e-02
2.196739464998245239e-01
1.257318490388570353e-05
3.854233920574188232e-01
1.927653193473815918e+00
1.243270380655303597e-04
1.469932030886411667e-04
2.361302137374877930e+00
4.063812593813054264e-05
1.085776686668395996e-01
6.004889030009508133e-03
5.104717565700411797e-04
1.999096289062500000e+04
2.705298364162445068e-01
6.519444375000000000e+05
1.627967879176139832e-02
3.222588566131889820e-04
1.537414491176605225e-01
3.014545631408691406e+01
6.797841365369095001e-07
8.885842980816960335e-04
3.178518371582031250e+02
7.539376735687255859e+00
1.978258296730928123e-05
3.389498291015625000e+03
1.623715625000000000e+06
7.256562639668118209e-08
3.793106842041015625e+01
2.177638467401266098e-03
2.412608079612255096e-02
3.881543636322021484e+00
8.813858730718493462e-04
2.466119384765625000e+02
2.403763532638549805e+00
5.838031880557537079e-03
4.572242000000000000e+06
1.684185266494750977e+00
2.884177025407552719e-03
3.946525781250000000e+04
1.942145333444500466e-09
3.169803771972656250e+02
1.073949146270751953e+01
4.443830847740173340e-01
1.354861538857221603e-03
5.381965332031250000e+03
9.754729107953608036e-04
9.602113037109375000e+02
8.494311718750000000e+04
8.363619446754455566e-02
8.707410000000000000e+06
9.753723628818988800e-03
1.430519104003906250e+02
9.362166523933410645e-01
1.815256662666797638e-02
1.441529858857393265e-02
1.703763580322265625e+01
4.118192061235842472e-13
9.369473457336425781e+00
2.893931196012999862e-06
7.582745456602424383e-05
3.696084022521972656e-01
1.391120214843750000e+04
3.469559550285339355e-02
4.546622931957244873e-02
1.745158284902572632e-01
4.005944061279296875e+01
4.402341246604919434e-01
6.439405822753906250e+01
5.969657213427126408e-04
7.773783750000000000e+05
7.006216645240783691e-01
9.074237197637557983e-03
4.124534370930632576e-06
3.940714496000000000e+10
1.442777720512822270e-04
9.775901436805725098e-01
1.791755557060241699e-01
5.521447211503982544e-02
7.074104309082031250e+00
9.048334526085000107e-09
2.921631000936031342e-02
7.239368216005459544e-08
8.244926575571298599e-04
4.180620983242988586e-02
1.617496673134155571e-05
9.541124105453491211e-03
3.869386911392211914e+00
5.173214012756943703e-04
1.482894134521484375e+02
3.248165361583232880e-03
5.235384702682495117e-01
2.888378381729125977e+00
3.842180967330932617e-02
6.678883075714111328e+00
1.276237983256578445e-02
4.871042668819427490e-01
1.541504843750000000e+05
3.443823623657226562e+01
1.560724854469299316e+00
4.481154441833496094e+00
1.871871761977672577e-02
1.982307434082031250e-02
3.862957000732421875e+00
1.211799621582031250e+01
7.559127807617187500e+01
2.398830078125000000e+03
7.117248773574829102e-01
7.070472463965415955e-03
1.380895753300137585e-07
8.838366236801897813e-13
4.205713272094726562e-01
1.601731032133102417e-02
1.105598437500000000e+04
1.924320459365844727e+00
5.033083438873291016e+00
2.829883014783263206e-03
4.382723011076450348e-03
1.165916994214057922e-01
7.263862527906894684e-03
2.837403297424316406e+00
1.725255018086400000e+13
1.097304344177246094e+01
5.821984863281250000e+03
1.051336750388145447e-01
7.656881103515625000e+02
3.567527532577514648e+00
5.551637790720000000e+11
2.531038597226142883e-03
2.317631617188453674e-02
2.165171875000000000e+03
3.031684318557381630e-04
1.821426773071289062e+01
1.693831875000000000e+06
2.251119166612625122e-01
3.082816898822784424e-01
4.017104148864746094e+00
7.241533750000000000e+05
1.568040624260902405e-02
2.787729513897829747e-08
2.471192972734570503e-03
6.213875412940979004e-01
6.191149353981018066e-01
1.113710937500000000e+03
1.318297581747174263e-03
4.400541129406798646e-12
1.836902999877929688e+01
1.333773951046168804e-03
3.937675430165654689e-08
6.182734505273401737e-04
6.539641320705413818e-02
2.573846054077148438e+01
9.955915063619613647e-02
5.246518325805664062e+01
1.798239517211914062e+01
3.664812743663787842e-01
7.407446503639221191e-01
1.306297332048416138e-01
4.504137695312500000e+03
3.420695289969444275e-02
2.090122604370117188e+01
4.004030674695968628e-02
1.629017442464828491e-01
9.062831290066242218e-03
4.922371250000000000e+05
9.071024096793389724e-13
5.193391189095564187e-06
8.415520369453588501e-08
1.742346648825332522e-04
1.210999633789062500e+03
1.457900255918502808e-01
4.825179100036621094e+00
1.075395679473876953e+01
5.444216658361256123e-04
1.198374666273593903e-03
2.022721529006958008e+00
6.875402927398681641e-01
1.449764847755432129e+00
2.532520675659179688e+01
4.779647827148437500e+00
1.021050568670034409e-02
3.599643859863281250e+02
1.017191648483276367e+00
1.344832479953765869e-01
8.757731318473815918e-01
1.192417502403259277e+00
1.893957275390625000e+03
2.837087402343750000e+03
5.517087402343750000e+02
4.617332935333251953e+00
1.486311279296875000e+03
1.286873011849820614e-03
1.304986114501953125e+02
6.046145688742399216e-03
9.756800864124670625e-05
3.203624393790960312e-03
1.279279907226562500e+03
3.079462647438049316e-01
3.969176940917968750e+02
8.372963714599609375e+01
4.317812272347509861e-04
1.772628599461256726e-09
1.239861221313476562e+02
8.878977037966251373e-03
1.180139952339231968e-03
6.500592827796936035e-01
1.741202473640441895e-01
2.803739624023437500e+02
1.004065399169921875e+02
3.206907786079682410e-05
1.654719561338424683e-01
1.496790469346365171e-10
1.149279131064384618e-12
5.477625411003828049e-03
8.344564861317849136e-08
2.883473371184663847e-08
4.349481201171875000e+01
4.689237847924232483e-02
6.923176574707031250e+01
1.409683496093750000e+04
3.582538338378071785e-03
2.272728271782398224e-02
4.251980781555175781e+00
3.056779576127155451e-07
8.614806574769318104e-04
5.835519042968750000e+03
5.529080390930175781e+00
8.239847741836961448e-14
9.255483627319335938e+00
1.179445683956146240e-01
1.390720251947641373e-02
1.638582476800000000e+10
5.811108946800231934e-01
6.961105763912200928e-02
5.787812824564753100e-07
6.636479949951171875e+01
4.420440644025802612e-02
9.183773040771484375e+00
7.886867970228195190e-03
1.177032299892744049e-05
1.798425941501591296e-08
4.399395082145929337e-03
1.559829831123352051e+00
3.899163706754665837e-14
1.435132694244384766e+01
9.469806536799296737e-05
2.420289092697203159e-05
1.659770905971527100e-01
3.182032958984375000e+03
1.629416847229003906e+01
2.240297617390751839e-04
5.340653660823591053e-05
1.136163771152496338e-01
3.502663275867234915e-06
3.294248506426811218e-02
9.694091796875000000e+02
1.859511718750000000e+03
1.134495958685874939e-01
1.113183288574218750e+02
1.444442114006960765e-05
4.216926097869873047e+00
8.762586512602865696e-04
2.932642996311187744e-01
2.508433837890625000e+02
3.015855156718316721e-07
2.988670075865229592e-06
7.155981846153736115e-03
1.175296842120587826e-03
1.147277560085058212e-02
8.015378713607788086e-01
4.500009254115866497e-06
2.767568054199218750e+02
2.885394140625000000e+04
1.142678141593933105e+00
1.985016278922557831e-02
1.201039962768554688e+02
1.793446779251098633e+00
4.148468627929687500e+02
3.170060515403747559e-01
1.017293453216552734e+00
1.312274560000000000e+09
2.168199483228160000e+14
2.874084543691424187e-07
1.885250568389892578e+00
1.812444883398711681e-03
1.243163570761680603e-01
1.436847378499805927e-03
8.659024238586425781e+00
1.576199084520339966e-01
3.142599487304687500e+02
4.240886308252811432e-03
9.723315429687500000e+03
1.015647875000000000e+06
2.553424119949340820e+00
2.613964397824020125e-06
4.755956054687500000e+03
1.254024915397167206e-03
2.957618951797485352e+00
2.539052802603691816e-04
3.497537970542907715e-01
5.116233369335532188e-04
2.152471303939819336e+00
2.467478990554809570e+00
1.052680703125000000e+05
1.554683532714843750e+02
2.515476937858807105e-09
5.257377051748335361e-04
4.805123899132013321e-03
6.986442382812500000e+03
6.012384891510009766e+00
5.094279687500000000e+04
1.576600432395935059e+00
1.751072204475550155e-17
4.287477931939065456e-04
1.346164608001708984e+01
3.736982177734375000e+03
1.215871179738314822e-05
2.492560195922851562e+01
2.643169850163200000e+15
5.661457777023315430e-03
5.667758523486554623e-04
2.456596851348876953e+00
2.163078369140625000e+03
1.319281616210937500e+02
1.745382556691765785e-03
5.009511951357126236e-04
6.678473353385925293e-01
4.581960849463939667e-03
2.628021407872438431e-03
1.065543670654296875e+02
1.520798325538635254e+00
3.610775781250000000e+04
1.388655156250000000e+05
6.493375450372695923e-02
8.697051048278808594e+00
2.108472865074872971e-03
1.612038325049525156e-08
1.074774004518985748e-02
3.273642361164093018e-01
3.429681783018168062e-08
2.198158472310751677e-04
1.872693561017513275e-02
1.742230804069322403e-09
2.543949995015282184e-05
1.493403374297486152e-06
2.561665527343750000e+03
5.970286726951599121e-01
9.063151367187500000e+03
2.105782623291015625e+02
5.421787136583589017e-05
7.995583496093750000e+02
6.094865112304687500e+02
1.569633911132812500e+03
7.553427124023437500e+01
3.152735735056921840e-05
5.186205380596220493e-04
4.993573913574218750e+02
4.763048127642832696e-05
3.650719060388496473e-09
6.845180034637451172e+00
3.171200223732739687e-04
2.470564504619687796e-04
1.219087982177734375e+01
9.769871830940246582e-03
1.084739687500000000e+05
1.576317846775054932e-01
1.764828109741210938e+01
4.692361328125000000e+03
1.985255432128906250e+01
6.750317811965942383e-01
6.958649414062500000e+03
5.362676802178611979e-06
1.407088470458984375e+01
7.182458593750000000e+04
1.076829357771202922e-05
4.912967099812703964e-08
1.848210937500000000e+04
5.535625601025932763e-14
2.345145633242395888e-09
2.058022528000000000e+09
7.529116160000000000e+08
3.269210355938412249e-05
2.769537044144954052e-09
4.781518459320068359e+00
1.718827843666076660e+00
3.675318908691406250e+02
6.601527929306030273e-01
2.843701513484120369e-04
2.387947265625000000e+03
1.927232400000000000e+07
1.928480505943298340e+00
4.915539741516113281e+00
8.555291424272581935e-05
7.761740207672119141e+00
6.370591163635253906e+00
8.409377932548522949e-02
4.766848046875000000e+04
4.794668800000000000e+08
3.960951460157957627e-07
1.634760864257812500e+03
2.779408532660454512e-06
9.497195000000000000e+05
5.435636012407485396e-07
2.687054919078946114e-03
9.418066474609076977e-04
1.450368165969848633e+00
5.578528507612645626e-04
5.574036622419953346e-04
6.967797279357910156e-01
3.978271961212158203e+00
1.322614028931648478e-13
2.657989040017127991e-03
4.119101911783218384e-02
1.621432369574904442e-03
1.084372250000000000e+06
4.336083136990964704e-08
7.691171020269393921e-02
6.776438903808593750e+01
2.916963250000000000e+06
7.672512207031250000e+02
4.273731246939860284e-05
2.619580268859863281e+00
8.835502713918685913e-02
5.091536417603492737e-02
6.516534835100173950e-03
1.251087784767150879e-01
7.508838921785354614e-02
4.838667579673897046e-14
1.065011508762836456e-02
2.326062500000000000e+04
1.569874933920800686e-03
1.439196211094895261e-07
2.976617589592933655e-02
2.728804111480712891e+00
5.795311555266380310e-02
1.239720222656615078e-05
4.292243975214660168e-04
3.998910140991210938e+01
7.953095703125000000e+02
1.436360595703125000e+03
5.152117252349853516e+00
7.649196195416152477e-04
4.220473480224609375e+01
1.259477064013481140e-02
1.174750402569770813e-01
7.777111206054687500e+02
5.253335937500000000e+04
3.620445204433053732e-05
3.961692709708586335e-05
1.555922906845808029e-02
2.049812376499176025e-01
2.654114723205566406e+00
1.698097437620162964e-01
2.860634122043848038e-03
6.779153482057154179e-04
2.293414036103058606e-05
5.360284179687500000e+03
1.206767382812500000e+04
7.511731382692232728e-06
3.307521641254425049e-01
5.117914843750000000e+04
1.064560469239950180e-02
6.146597862243652344e-01
5.480718240141868591e-02
4.782695770263671875e-01
7.600252729389467277e-07
5.528700000000000000e+05
1.525278449058532715e+00
2.207568550109863281e+01
5.058319121599197388e-02
5.273926734924316406e+00
6.684850000000000000e+04
5.875385795661713928e-07
1.869646075647324324e-04
7.851985841989517212e-02
4.912701660156250000e+03
1.528837159276008606e-02
2.978763916015625000e+03
2.242403667196413153e-07
4.015534371137619019e-02
3.483031738281250000e+03
1.335204101562500000e+04
2.411383247375488281e+01
1.223795471191406250e+02
1.729514160156250000e+03
3.585960865020751953e-01
9.571409821510314941e-01
8.137703000000000000e+06
1.297168493270874023e+00
2.603400126099586487e-02
2.038545776367187500e+03
3.823465576171875000e+03
1.115403836593031883e-03
4.269669261702802032e-06
1.172785815128918330e-07
1.147718649008311331e-06
1.476194000000000000e+06
2.433925401419401169e-03
7.347541451454162598e-01
3.270756453275680542e-02
5.428104195743799210e-03
4.525557518005371094e+00
6.446508225053548813e-03
7.185165886767208576e-04
8.447531890869140625e+01
2.480325917986192508e-07
1.484429077436288935e-07
1.765918254852294922e+00
9.817106250000000000e+05
4.463215470314025879e-01
9.130434989929199219e+00
5.402844548225402832e-01
2.787542825899436139e-06
5.980196952819824219e+00
1.229167719429824501e-05
1.164469122886657715e+00
6.594437640160322189e-03
2.917625533882528543e-05
3.599560856819152832e-01
2.243135643005371094e+01
1.725641894154250622e-03
3.701846599578857422e+00
4.295069217681884766e+00
6.460440515887455604e-10
4.044533081054687500e+02
7.132283598184585571e-02
2.816789062500000000e+05
9.063219531250000000e+04
5.451064682006835938e+01
1.193130109459161758e-02
1.343925390392541885e-02
5.879696289062500000e+03
8.820157470703125000e+02
9.710498899221420288e-02
3.661232441663742065e-02
5.919750976562500000e+01
1.728645176626741886e-03
5.284633286528617191e-10
4.603438415527343750e+02
5.291974544525146484e-02
3.558834195137023926e-01
6.944415625184774399e-03
5.498144000000000000e+06
3.472165298461914062e+01
1.010407228022813797e-03
1.277535343170166016e+01
2.551293176722424505e-09
5.785937309265136719e-01
2.452734708786010742e-01
9.376013793945312500e+02
2.548184596662395052e-08
8.901937007904052734e-01
5.737090855836868286e-02
8.728829622268676758e-01
2.212384948506951332e-03
8.515920000000000000e+08
3.844583716272609308e-06
3.471968727856267851e-16
1.058061957359313965e+00
2.307408789062500000e+04
2.438244160373403361e-16
2.298724666616180912e-06
1.963247179985046387e+00
1.759618682861328125e+02
2.628518104553222656e+00
1.819367520511150360e-02
1.554216258227825165e-02
6.964720341784413904e-06
1.511629028320312500e+02
1.842743344604969025e-02
1.472781202549455770e-10
8.424922093297482206e-09
5.918775796890258789e-01
7.808223017491400242e-06
2.685122375488281250e+02
4.586590576171875000e+01
6.843484006822109222e-03
1.532501414658327121e-06
4.607912898063659668e-01
5.814586620545014739e-05
1.656140708923339844e+01
5.368032455444335938e-01
2.857010841369628906e+00
8.464001953125000000e+03
6.605683135986328125e+01
1.194561309814453125e+02
7.814123520000000000e+10
2.513287067413330078e+00
2.734611272811889648e+00
6.424859293474582955e-07
1.322387451171875000e+03
4.548474788665771484e+00
3.218743896484375000e+01
1.633497619628906250e+02
1.481312036514282227e+00
2.703652381896972656e+01
5.826366577148437500e+02
3.326752901077270508e+00
1.368416560580953956e-04
2.787257244563079439e-06
3.717245906591415405e-02
9.801648557186126709e-03
7.440398437500000000e+03
1.582119506835937500e+03
1.095914001464843750e+02
9.269325137138366699e-01
2.893742639571428299e-04
2.183634089305996895e-03
2.904905006289482117e-03
8.011989135742187500e+02
1.146615966796875000e+03
1.556151269531250000e+04
5.449970722198486328e+00
4.780355957336723804e-04
4.884163737297058105e-01
4.984279512427747250e-04
4.499535180002567358e-07
2.367810159921646118e-02
2.942439615726470947e-01
2.216919708251953125e+01
8.464753031730651855e-01
6.286692619323730469e-01
2.566391834989190102e-03
4.649031325243413448e-04
1.240488967895507812e+02
3.199686071653218278e-10
2.573268115520477295e-02
1.476542558521032333e-02
6.139533996582031250e+00
4.701670532226562500e+02
6.560284759871137794e-08
9.799026250839233398e-01
1.107023954391479492e-01
3.304225802421569824e-01
9.578908691406250000e+02
8.832137100398540497e-03
1.630992285156250000e+04
5.112307739257812500e+01
3.505596220493316650e-01
4.031205654144287109e+00
2.607867354527115822e-03
2.448217710480093956e-03
6.688976554869441316e-07
9.033245965838432312e-03
2.064311610538993591e-09
8.038793563842773438e+00
1.552032423205673695e-03
8.372504089493304491e-05
9.600852966308593750e+01
1.680546875000000000e+03
1.329069709754548967e-05
2.935681305825710297e-02
4.564804553985595703e+00
1.309939575195312500e+03
3.444287161744405282e-16
5.121513822814449668e-05
9.195946404361166060e-06
8.021169662475585938e+00
3.822557926177978516e+00
6.242526578716933727e-04
5.807752734375000000e+04
1.181054115295410156e-02
2.360066833496093750e+02
3.004362341016530991e-03
1.163133606314659119e-01
1.820677518844604492e-02
1.452088705264031887e-03
1.191866886074421927e-05
5.181094631552696228e-03
4.041043395996093750e+02
4.984232902526855469e+00
2.233884048461914062e+01
8.001537475585937500e+02
3.823469638824462891e+00
1.141357468441128731e-03
1.897027465820312500e+03
1.040323972702026367e+00
1.442710217088460922e-02
2.704963623046875000e+03
5.321797402757511009e-08
1.698135049082338810e-03
1.657128520309925079e-02
1.332011725753545761e-02
3.077611699700355530e-02
5.373249530792236328e+00
3.151863098144531250e+02
3.791835308074951172e-01
6.114959968641026436e-15
2.722614049911499023e+00
4.080797079950571060e-03
4.607840538024902344e+00
2.350632781982421875e+02
1.358301378786563873e-04
1.221278333105146885e-03
1.236805319786071777e-02
1.292398214340209961e+00
6.403343200683593750e+01
3.258626384194940329e-04
1.763897091150283813e-01
4.620694885253906250e+02
1.056459903717041016e+00
1.917652587890625000e+03
1.859874464571475983e-02
1.323977630818262696e-05
3.418436035156250000e+03
1.129925155639648438e+01
1.814440488815307617e+00
5.818195312500000000e+03
3.062218456761911511e-05
1.562986373901367188e-01
2.856206614524126053e-03
6.169323348999023438e+01
1.547574414871633053e-03
5.335906982421875000e+00
1.494497222900390625e+02
3.468336537480354309e-02
4.968908979208208621e-05
3.145147813484072685e-03
1.078207683563232422e+01
3.445985930738970637e-05
1.307805068790912628e-02
9.732071148960130813e-09
9.351278841495513916e-02
2.417149692773818970e-01
1.908797860145568848e+00
1.407301286235451698e-03
6.109548437500000000e+04
7.792417454766109586e-05
1.053208834491670132e-03
3.587769606383517385e-05
1.046633769874460995e-04
1.903254997159820050e-05
4.575803756713867188e+00
4.761355078125000000e+04
2.396458730800077319e-04
5.017986495658988133e-06
1.297773533082136055e-08
4.051311111450195312e+01
1.069531776920484845e-06
1.769488525390625000e+01
1.406670113723862414e-09
2.893274836242198944e-02
2.661716320000000000e+08
2.386921882629394531e+01
2.988477899634744972e-05
1.125779390335083008e+00
1.560012809932231903e-03
1.192732000000000000e+08
2.287842773437500000e+03
2.806933820247650146e-01
1.172279706224799156e-03
1.525146886706352234e-03
7.591808519372800000e+13
2.606117248535156250e+00
3.578044433593750000e+02
3.463314375000000000e+05
2.178578080000000000e+08
1.902968138456344604e-01
2.170077990740537643e-03
1.060637474060058594e+01
6.075844913721084595e-02
2.702474218750000000e+04
7.571732401847839355e-01
1.647228240966796875e+02
2.007343125000000000e+05
7.515372924804687500e+02
2.459574257954955101e-03
3.372264094650745392e-03
1.139959204010665417e-05
3.694692134857177734e+00
3.146650642156600952e-02
4.072112031280994415e-03
9.770653320312500000e+03
1.351651611328125000e+02
3.091135527938604355e-03
8.879187774658203125e+01
3.486122131347656250e+02
1.386441010981798172e-02
1.256193399967742153e-06
3.714598642545752227e-05
1.861759570312500000e+04
8.097638702392578125e+01
1.091597747802734375e+01
3.362216602909029461e-06
8.314225077629089355e-01
1.269172191619873047e+01
2.715718292165547609e-04
3.012271597981452942e-02
3.757250785827636719e+00
1.160688281250000000e+05
1.778642058372497559e+00
4.216414489746093750e+02
3.856989741325378418e-02
6.176775787025690079e-03
3.832739889621734619e-01
2.335832149924499390e-08
2.061369628906250000e+02
1.013165601762011647e-04
3.738553771972656250e+02
4.407555758953094482e-01
4.456867980957031250e+01
1.555728607177734375e+02
7.100218400000000000e+07
4.275920335203409195e-03
3.669649595394730568e-03
2.538990020751953125e+00
4.387914377730339766e-04
1.960828304290771484e+00
5.899437713623046875e+01
1.684619300067424774e-02
7.443771892212680541e-07
8.857413482666015625e+01
3.995337465312331915e-06
8.431616210937500000e+01
7.156748324632644653e-05
1.871419399976730347e-01
1.803583264350891113e+00
1.723830939104331605e-10
1.206054184876848012e-05
1.024322956800460815e-02
5.633053032448000000e+12
3.511162400245666504e-01
1.834584167227149010e-03
8.819697570800781250e+01
1.086657168343663216e-03
1.010039500000000000e+06
2.913423941208748147e-06
1.060414700000000000e+07
3.231815576553344727e+00
9.364802560000000000e+08
1.620523691177368164e+00
4.605761718750000000e+02
1.478293270338326693e-04
1.889380645751953125e+01
1.116350054740905762e+00
8.227161254882812500e+02
3.098623268306255341e-02
2.072057250188663602e-04
8.401613235473632812e+00
4.521962637227261439e-06
2.626033544540405273e+00
1.444207397460937500e+03
7.732721255850061315e-13
3.170623481273651123e-01
4.230472404742613435e-05
1.118969430535798892e-05
7.207767009735107422e+00
2.149624218750000000e+04
1.868284121155738831e-02
4.125483703613281250e+02
8.919453430175781250e+01
9.994970321655273438e+00
1.683659545115290257e-09
8.201350212097167969e+00
2.172175884246826172e+00
1.957771301269531250e+02
2.750383828242775053e-05
9.723037692310754210e-06
7.961587834870442748e-05
8.935597725212574005e-03
5.018198862671852112e-04
4.574272960411462918e-09
1.493889279663562775e-02
3.933123648166656494e-01
5.517134857177734375e+01
6.378831130859907717e-06
1.076864725862991534e-11
3.135063452646136284e-03
7.808623657226562500e+02
4.335356652736663818e-01
5.306155071593821049e-04
2.976519167423248291e-01
2.057195091247558594e+01
9.169637633021920919e-05
5.549507500000000000e+05
1.555507659912109375e+00
8.411244302988052368e-02
4.089221765752881765e-04
3.654299974441528320e-01
6.904039764404296875e+01
5.608933803524784878e-11
1.052831787109375000e+03
7.875152587890625000e+02
1.853039674460887909e-02
5.405871868133544922e+00
1.491031200000000000e+08
2.232528305053710938e+01
1.273725986480712891e+01
2.851940807886421680e-04
1.635364379882812500e+03
1.179440332031250000e+04
1.056858105584979057e-03
3.616770803928375244e-01
3.512531520755146630e-06
3.789140625000000000e+02
9.458087921142578125e+00
1.560508918762207031e+01
1.328806043602526188e-03
1.317420000000000000e+06
1.256517982482910156e+01
1.033038558959960938e+02
3.976076364517211914e+00
1.023929290771484375e+02
2.331536865234375000e+01
2.465830625000000000e+05
7.782348802720662206e-06
1.918348324636554025e-08
3.634740412235260010e-01
5.734410706281778403e-07
8.305060156250000000e+04
1.817469135858118534e-03
6.301352500915527344e+00
1.414525974541902542e-02
1.266888000000000000e+07
8.207743614912033081e-02
1.300996274572492800e+16
3.308699699118733406e-03
1.067503035301342607e-04
1.551271822108901688e-07
2.357711791992187500e+02
2.435610257089138031e-02
2.331071014404296875e+02
8.311554565429687500e+02
4.741667680718819611e-08
6.389240960000000000e+08
2.670132812500000000e+03
3.522684814453125000e+03
2.992419240399613045e-06
1.413119792938232422e+00
1.907306909561157227e+00
inf
2.865199279785156250e+02
1.260036788880825043e-02
5.799384593963623047e+00
4.580199584960937500e+02
9.966096679687500000e+03
1.740981490916393426e-11
4.957139790058135986e-01
1.642071685791015625e+02
1.610362157225608826e-02
1.559841823577880859e+01
2.012711018323898315e-02
5.064214468002319336e-01
1.908380224679984138e-11
6.136733572930097580e-03
1.334543107077479362e-03
2.892574071884155273e+00
3.007352352142333984e+00
5.115291103720664978e-02
1.119276694953441620e-02
7.517166523030027747e-06
1.834637920000000000e+08
2.539270520210266113e-01
3.857150268554687500e+02
7.486020326614379883e-01
6.907952785491943359e+00
4.931101575493812561e-04
3.522934019565582275e-01
6.546902656555175781e-02
1.889780731201171875e+02
3.983826875686645508e+00
6.471798405982553959e-05
3.616593778133392334e-02
2.964882278442382812e+01
6.850126385688781738e-02
1.173183798789978027e+00
9.656188488006591797e-01
3.793963696807622910e-03
1.036128215491771698e-02
5.245367065072059631e-02
7.546989746093750000e+02
3.427414596080780029e-01
2.973687553405761719e+01
4.417056942429553601e-09
3.784985351562500000e+01
3.095166015625000000e+01
2.637889981269836426e-01
2.297302398681640625e+02
1.527672912925481796e-02
9.741154499351978302e-03
1.430003523826599121e+00
1.637979439692571759e-04
2.928532617187500000e+04
1.430332288146018982e-02
3.039604425430297852e-01
4.907469209600000000e+10
8.552478539058938622e-05
1.623567591479968542e-08
9.436751875000000000e+05
6.026320800781250000e+03
3.495987109375000000e+04
1.331000309437513351e-02
1.372724533081054688e+01
4.306347961425781250e+02
5.253313281250000000e+04
2.356013059616088867e-01
8.322507858276367188e+00
6.010916549712419510e-04
1.422007446289062500e+02
1.246293832082301378e-04
1.345351483905687928e-04
1.345193199813365936e-02
1.277286834716796875e+02
7.960859298706054688e+00
2.459209263324737549e-01
4.440449993126094341e-04
3.324548900127410889e-02
1.213888674974441528e-01
2.807117439806461334e-02
4.346935424804687500e+02
9.201192110776901245e-02
3.361275419592857361e-02
2.809113066177815199e-04
1.392496337890625000e+02
4.004317626953125000e+02
3.489139062500000000e+05
1.986307861328125000e+03
5.877871036529541016e+00
6.276650428771972656e+00
6.029647465766174719e-07
2.475367431640625000e+02
6.541275978088378906e-01
2.061930899799335748e-06
1.429122785339131951e-04
9.086509635380934924e-06
1.116501045227050781e+01
5.717600000000000000e+04
1.161421537399291992e+00
1.275755639653652906e-04
9.175114062500000000e+04
5.858305078125000000e+04
3.798391723632812500e+02
2.150589843750000000e+03
8.275318145751953125e-01
2.461306052282452583e-03
2.272204309701919556e-02
7.403191924095153809e-01
4.430133819580078125e+01
5.599898815155029297e+00
7.172428071498870850e-03
2.072928515625000000e+04
1.911288499832153320e+00
1.145790982991456985e-02
5.541897500000000000e+06
4.451271146535873413e-03
1.964458107948303223e+00
6.783283781260251999e-03
2.344915390014648438e+00
3.196321074483421398e-07
6.943762302398681641e-01
2.073239535093307495e-01
1.358752250671386719e+00
3.406057119369506836e+00
6.326641082763671875e+01
1.070553189492784441e-04
3.752606689453125000e+03
5.682464599609375000e+02
3.032792968750000000e+02
8.060745000839233398e-01
7.104961550794541836e-04
7.904215060250407987e-10
2.093925000000000000e+04
6.600741120000000000e+08
1.265804443359375000e+03
4.134321898163761944e-06
2.435034179687500000e+02
7.885440063476562500e+02
1.729234765625000000e+04
2.724669466260820627e-04
1.856671406130772084e-05
1.501149415969848633e+00
1.643690466880798340e-01
1.213114410638809204e-01
5.410921573638916016e+00
1.387937188148498535e+00
1.845689098445291165e-06
1.201454624533653259e-01
6.160673637900515587e-10
4.912549591064453125e+01
9.139836038229987025e-05
1.186345599535343354e-07
3.402302900212816894e-05
3.178447246551513672e+00
9.325527343750000000e+02
2.745971069335937500e+02
1.530822919448837638e-05
1.162324324250221252e-01
3.627655686955222336e-08
5.062569975852966309e-01
6.011768346070311964e-05
3.824854866252280772e-05
2.429354400634765625e+02
1.733798671921249479e-05
1.519025769084692001e-03
1.595652252435684204e-01
3.374722301959991455e-01
3.852009467664174736e-05
8.550730895996093750e+01
1.421050797034695279e-06
1.922640763223171234e-02
8.234485238790512085e-02
1.134170532226562500e+01
5.189140357676985758e-16
2.499341690054279752e-06
3.872441101074218750e+01
2.082729246467351913e-03
2.810481488704681396e-01
7.514684448242187500e+02
5.043923258781433105e-01
8.989493250846862793e-01
5.134303122758865356e-03
2.671484375000000000e+01
9.643665514886379242e-03
1.906946301460266113e-01
3.991997539997100830e-01
2.850058663170784712e-04
8.410885930061340332e-03
1.040404586791992188e+02
5.480214208364486694e-02
3.572457671907613985e-07
2.780463993549346924e-01
1.720403088256716728e-05
1.264862060546875000e+02
1.581982937389533189e-14
1.145509490966796875e+02
7.834093645215034485e-03
8.159956932067871094e+00
3.007120108478034126e-10
1.682568472460843623e-05
2.051789124379865825e-05
1.512282226562500000e+04
1.539159484309493564e-07
1.439607543945312500e+02
4.693715286254882812e+01
9.076923674911085982e-07
7.327541708946228027e-03
9.452825349733073867e-14
3.857204895019531250e+02
5.182672739028930664e-01
3.628482625472884138e-09
1.605420708656311035e-01
3.890848755836486816e-01
1.559753400215413421e-06
1.622459967620670795e-04
1.370598841458559036e-02
1.165484776720404625e-03
1.260180841200053692e-03
2.862896025180816650e-01
1.889240369200706482e-02
3.944910430908203125e+01
2.333274602890014648e+00
1.522657625000000000e+06
3.641859889030456543e-01
1.783585400000000000e+07
5.176686681807041168e-04
1.533546972656250000e+04
4.806076049804687500e+00
4.488203674554824829e-02
1.363094116210937500e+03
3.396732360124588013e-02
7.922654971480369568e-03
1.092929244041442871e+00
7.665935516357421875e+01
2.799136273097246885e-04
2.833698643371462822e-03
1.826542284106835723e-04
1.115672662854194641e-02
3.556254882812500000e+02
2.463567443192005157e-02
1.517967437393963337e-03
1.084351062774658203e+01
7.203810848295688629e-03
1.276100387573242188e+02
4.098130859375000000e+03
7.615474243164062500e+02
2.888304740190505981e-02
4.636542871594429016e-05
5.495515334236522414e+20
3.638883526946301572e-06
2.541124755859375000e+03
2.038474576693261042e-06
7.679121103137731552e-03
4.538685546875000000e+03
4.325016796875000000e+04
4.932946711778640747e-02
3.938090896606445312e+01
6.017707000000000000e+06
1.506929695606231689e-01
2.326662902832031250e+02
1.027157897949218750e+02
4.853106994628906250e+02
2.830610610544681549e-03
2.534739379882812500e+02
4.790905863046646118e-02
6.629381713867187500e+02
3.354718586257021684e-11
4.258971875000000000e+04
1.002659574151039124e-01
6.261394901230232790e-06
1.659708496093750000e+03
7.723346352577209473e-02
4.616875052452087402e-01
1.321153994649648666e-02
1.072583254426717758e-02
6.241217306524049491e-06
6.597857282031327486e-05
4.563395380973815918e-01
6.033888499956674423e-09
1.914281347126234323e-05
2.335682660341262817e-01
2.223891206085681915e-02
8.167117834091186523e-02
1.469519454985857010e-02
1.656956481933593750e+02
4.218812988281250000e+03
4.175338894128799438e-02
1.403731107711791992e+00
1.191197509765625000e+03
2.131343353539705276e-03
1.308372344970703125e+02
2.110325440298765898e-04
4.872168065048754215e-04
1.689421878836583346e-05
8.305074879899621010e-05
1.639783477783203125e+02
2.713935613632202148e+00
1.081727416992187500e+03
1.971700191497802734e-01
1.048948433890473098e-06
1.220085830688476562e+02
5.555774644017219543e-02
1.312826843261718750e+02
3.248128414154052734e+00
6.070621777325868607e-03
2.225954551249742508e-03
2.036920886894222349e-05
1.477911132812500000e+03
6.400733642578125000e+02
4.633901268243789673e-02
6.203090772032737732e-02
5.616118774414062500e+02
2.623081054687500000e+02
1.200369335937500000e+04
1.129032680182717741e-04
1.310740113258361816e-01
2.150486707687377930e+00
1.016891360282897949e+00
6.152542773634195328e-04
3.406031188964843750e+02
5.362639203667640686e-04
1.073549194335937500e+02
1.038043498992919922e-01
1.044247508049011230e+00
1.215111650526523590e-02
2.238579509139526635e-05
2.098172754049301147e-01
7.571980518150667194e-07
6.173718125000000000e+05
4.372610710561275482e-03
5.138558335602283478e-03
2.175971894757822156e-05
1.530063454993069172e-03
3.042493820190429688e+00
8.800546646118164062e+00
3.194267395883798599e-03
2.503903198242187500e+02
3.278696060180664062e+01
1.201615785248577595e-03
1.599830102350097150e-05
1.108456374272000000e+12
1.053866481781005859e+01
6.066271089366637170e-05
2.888130859375000000e+03
2.866188250482082367e-02
1.157271981239318848e+00
1.247928594239056110e-05
3.224696874618530273e+00
6.847913169849562109e-08
5.678382492065429688e+01
6.035574078559875488e-01
3.904409027099609375e+01
3.593720807049116672e-12
3.154711157549172640e-04
1.432889141142368317e-03
9.006054024212062359e-04
2.325200319290161133e+00
6.931804019671972128e-09
1.206851959228515625e+01
1.448462600819766521e-03
1.710118055343627930e-01
6.741395708331765491e-08
1.143079090118408203e+01
2.349279020563699305e-05
8.253557462012395263e-05
6.420355796813964844e+00
2.946399035863578320e-04
1.043151950836181641e+01
2.165032005310058594e+01
2.043554587771723163e-07
5.323380470275878906e+00
6.267199707031250000e+01
3.055755805969238281e+01
7.418330907821655273e-01
2.557429250000000000e+06
2.134376391768455505e-02
1.078032515943050385e-02
3.557671308517456055e+00
7.244985103607177734e-01
1.699059270322322845e-02
6.941891193389892578e+00
5.291729030432179570e-05
7.034464033495169133e-07
1.552400874516024487e-07
8.332298278808593750e+01
8.463173866271972656e+00
2.307681846618652344e+01
7.354612080234801397e-06
4.527286529541015625e+01
2.356419982910156250e+02
5.245804977416992188e+01
2.197926282882690430e+00
3.106574714183807373e-01
4.761179184242791962e-07
1.390050281770527363e-03
2.553007602691650391e-01
6.734714508056640625e+01
1.410542845726013184e+00
1.763155125081539154e-02
1.273612678050994873e-01
6.371014826811460807e-12
2.285028249025344849e-01
1.325317192822694778e-03
1.219284415245056152e+00
2.443519770167768002e-04
4.244297027587890625e+00
1.201152736030053347e-05
4.381089792000000000e+11
1.074783212970942259e-04
3.712934267241507769e-05
5.951113510131835938e+01
1.037741526961326599e-01
5.941151641309261322e-03
7.923652301542460918e-04
7.073988399497466162e-07
7.920847565401345491e-05
5.492922210693359375e+01
2.037082958850078285e-05
4.561173617839813232e-01
3.205112000000000000e+06
1.640351547393947840e-04
3.275962662883102894e-04
2.626066134325810708e-06
2.384899139404296875e+01
8.322807617187500000e+02
9.230280397787282709e-07
4.602168457031250000e+03
4.833647487041633970e-19
1.644481089897453785e-03
1.381817855872213840e-04
9.810473632812500000e+03
4.388575192137977865e-08
4.466369773581391200e-06
6.224244236946105957e-01
2.177543342113494873e-01
2.704243896484375000e+03
4.783303593285381794e-04
2.324120849370956421e-01
2.365440559387207031e+01
4.180071875452995300e-02
8.914297213777899742e-04
6.647234344482421875e+01
1.160648930817842484e-02
1.909750080000000000e+08
8.562116704524669331e-07
3.634950220584869385e-01
7.862512182120473536e-15
2.021554905695666093e-07
7.490288408007472754e-05
1.154770608991384506e-03
3.993075942993164062e+01
3.205040993634611368e-04
3.420134735107421875e+01
2.413647472858428955e-01
1.206243294291198254e-03
2.584701904296875000e+03
6.397497558593750000e+02
1.193581852021452505e-06
1.726092887111008167e-04
3.020439386367797852e+00
8.421937673119828105e-05
8.587021827697753906e-01
3.716691970825195312e+00
4.368657537270337343e-04
3.004042053222656250e+01
2.020069769059773535e-05
6.369214588630711660e-06
9.590912377461791039e-04
6.735392659902572632e-02
3.054057617187500000e+02
6.667984416708350182e-04
1.468901708722114563e-02
3.870266482408624142e-06
4.631699062883853912e-03
1.224936962127685547e+01
1.107539672851562500e+02
7.229258081054013019e-09
1.170850181579589844e+01
4.562445640563964844e+00
7.101080000000000000e+06
1.777360200881958008e+00
4.230192601680755615e-01
3.056159184779971838e-04
2.215220960000000000e+08
9.827950625000000000e+05
5.076408851891756058e-04
1.646043919026851654e-02
9.257789912453517900e-08
3.746189642697572708e-03
2.467291415086947381e-05
6.659190170466899872e-03
1.766272932291030884e-01
1.190706665039062500e+03
1.728787536621093750e+02
5.127380724861962946e-13
1.005858535766601562e+02
4.670997812500000000e+05
2.577855639174231328e-06
1.307937202987830005e-09
1.682523498535156250e+02
2.630835212767124176e-02
2.864275127649307251e-03
3.081177473068237305e-01
1.081095309928059578e-03
1.339731514453887939e-01
2.847201052702530433e-08
2.161785400390625000e+03
1.682294183410704136e-03
5.435018683783710003e-04
7.406314611434936523e-01
2.173239135742187500e+01
1.168068847656250000e+02
1.225531741511076689e-04
2.050202056125272065e-06
1.516183567047119141e+01
1.764713592269928633e-12
1.615255371093750000e+03
1.453098876953125000e+03
1.615568750000000000e+04
1.454857177734375000e+02
4.676947021484375000e+01
1.566262767482839990e-06
8.490853309631347656e+00
7.508629467338323593e-03
1.029915904998779297e+01
1.097981468774378300e-03
4.803923416137695312e+01
2.513232644218987843e-08
4.812648519873619080e-03
7.163770400000000000e+07
2.230349309684243053e-05
5.813313126564025879e-01
2.044494628906250000e+00
3.472414731979370117e+00
3.214881134033203125e+01
1.019303128123283386e-01
8.527634375000000000e+04
2.163403928279876709e-01
3.484069108963012695e-01
4.134214017540216446e-03
2.994408988952636719e+01
7.732338428497314453e+00
9.999195312500000000e+04
3.139466552734375000e+02
6.220820173621177673e-02
6.304232158527156571e-08
7.539849243164062500e+02
1.325457096099853516e-01
5.710476684570312500e+01
2.860714111328125000e+03
2.489961624145507812e+00
9.178638458251953125e-02
3.058473393321037292e-02
1.611881144344806671e-02
5.235084972810000181e-05
9.176813364028930664e-01
3.254849243164062500e+02
2.418015711009502411e-02
2.115010625000000000e+05
9.735525964060798287e-06
4.037508300781250000e+03
2.482789154052734375e+02
1.773001551628112793e+00
1.158460881561040878e-02
6.067145507812500000e+03
7.991622388362884521e-02
1.426272583007812500e+02
1.172826367187500000e+04
6.503343582153320312e+00
3.111182839132808908e-11
2.900207718425917847e-08
1.360655762255191803e-02
1.190605144074652344e-05
9.092935943603515625e+01
2.574101649224758148e-02
1.488608398437500000e+02
4.183779239654541016e+00
1.400381207466125488e+00
9.140129550360143185e-04
2.217188921349588782e-06
2.114439010620117188e+00
1.314432144165039062e+01
4.710650246124714613e-04
1.336476562500000000e+05
5.416876602172851562e+01
4.138172149658203125e+01
1.269299774169921875e+02
7.260732650756835938e+00
1.613047500000000000e+05
1.375682558864355087e-02
3.183034807443618774e-02
3.780230144911911339e-06
2.859561163859325461e-06
2.992053632624447346e-04
6.190183105468750000e+02
1.361148059368133545e-01
1.208263039588928223e+00
1.415746100246906281e-02
6.720706587657332420e-04
1.117508858442306519e-01
5.572668429871885218e-22
6.052956771850585938e+01
1.231157343750000000e+05
3.982446491718292236e-01
2.457886040210723877e-01
3.342390700709074736e-04
3.238969087600708008e+00
4.985340118408203125e+01
1.516826730221509933e-02
1.055809020996093750e+02
6.892086239531636238e-04
3.948370739817619324e-02
6.218901369720697403e-03
1.863419375000000000e+05
3.012409061193466187e-02
3.987140644312603399e-07
2.119095214843750000e+03
1.095271945814602077e-04
6.489012157544493675e-04
1.678760745562613010e-04
5.627208948135375977e-01
3.531734848022460938e+01
1.374378566509903976e-08
6.112856887341422407e-09
3.891103515625000000e+02
7.638738490641117096e-03
1.626769155263900757e-01
2.403043031692504883e+00
2.042307495117187500e+03
5.044963836669921875e+01
4.203549586236476898e-03
6.949052476556971669e-05
4.579160511493682861e-01
5.350905496470659273e-08
1.151756578110507689e-06
1.261059805983677506e-04
9.939753198295875336e-08
8.989606052637100220e-02
6.910082340240478516e+00
8.781164884567260742e-01
3.484897703742717567e-08
1.106679701479151845e-04
6.421421130653470755e-05
8.551745675504207611e-03
2.485424346923828125e+02
2.295949263498187065e-03
7.115671038627624512e-02
1.043991465121507645e-02
2.770251333713531494e-01
2.470558501954656094e-05
6.774234498152509332e-05
2.269014132139091089e-08
2.566794421454687836e-07
1.093420505523681641e+00
5.668608886718750000e+03
1.363135099411010742e+00
5.563281942158937454e-03
8.350890857400372624e-05
3.078658210142748430e-06
8.568310737609863281e+00
2.283475128933787346e-03
6.702758837491273880e-04
1.664991118013858795e-02
3.282409600000000000e+08
1.557831382751464844e+01
2.301841959706507623e-06
1.112874597311019897e-03
8.371321018785238266e-05
3.951381891965866089e-03
7.541649438280728646e-07
1.471479225158691406e+01
9.656336158514022827e-02
5.513392448425292969e+00
1.391550302505493164e-01
5.394644569605588913e-03
3.846660137176513672e+00
1.034168945312500000e+03
3.151134706058655865e-06
1.895900350064039230e-03
5.435261917114257812e+01
2.245302438735961914e+00
1.367173957824707031e+01
3.797038914399308851e-07
1.529645210496255459e-08
8.064880371093750000e-01
1.016750233247876167e-03
4.621526718139648438e+01
4.213755601085722446e-04
1.226088333129882812e+02
4.377850564196705818e-05
1.799284458160400391e+00
9.495061635971069336e-02
9.067853689193725586e-01
1.256500945601146668e-05
3.434711396694183350e-01
5.745773000000000000e+06
3.458079397678375244e-01
2.635094833374023438e+01
8.701294063939712942e-06
1.420991029590368271e-02
3.729070129394531250e+02
8.989968773676082492e-05
6.897441198816522956e-05
7.042446732521057129e-02
3.807980346679687500e+01
1.147527480497956276e-03
3.884019562974572182e-03
1.289996907871682197e-05
2.763877343750000000e+04
5.305343121290206909e-02
4.643358722696000473e-14
4.345693625509738922e-03
1.130967285156250000e+04
1.421587768554687500e+03
1.394842001900542527e-05
1.085716915130615234e+01
7.790028757881373167e-05
2.132865600287914276e-03
3.374298095703125000e+01
3.135617375373840332e-01
2.425205660983920097e-03
1.168395280838012695e+00
8.227152252197265625e+01
3.984793090820312500e+01
1.794239133596420288e-02
2.390344161540269852e-05
1.771217503119260073e-04
5.808072746731340885e-04
5.683646723628044128e-02
1.951206661760807037e-02
4.694645404815673828e-01
1.101361308246850967e-02
2.994153213500976562e+01
1.232616941848618808e-08
6.357604980468750000e+01
1.016197353601455688e-01
8.086510351859033108e-04
4.069780349731445312e+01
1.436851453036069870e-03
1.426671806257218122e-04
1.612415760755538940e-01
3.335626983642578125e+01
1.019085664302110672e-02
2.382941693067550659e-01
3.018553798028733581e-05
4.209512710571289062e+01
4.670827706831914838e-07
2.236974954605102539e+00
5.917109433539735619e-07
6.633371582031250000e+02
2.673052001966880198e-08
2.547269058227539062e+01
4.125957107543945312e+01
4.867336750030517578e+00
1.728595581054687500e+02
1.172929306030273438e+02
2.075666046142578125e+01
8.782579563558101654e-03
6.503078038804233074e-04
4.746167659759521484e+00
3.711024856567382812e+01
5.852207913994789124e-02
1.939135351562500000e+04
3.427542513236403465e-03
3.706835741468239576e-06
8.605865478515625000e+01
1.675729217529296875e+02
7.058662362396717072e-03
8.283832669258117676e-02
4.921294748783111572e-03
1.091070444090291858e-04
2.194543612316687126e-14
1.285425573587417603e-01
7.249613408930599689e-04
1.854120381176471710e-02
1.013854529219315737e-07
3.280812279626843520e-06
2.768776702880859375e+01
1.201311798095703125e+02
5.407976289006910520e-08
3.505971670150756836e+00
4.624520838260650635e-01
3.327061831951141357e-01
9.692787528038024902e-01
6.891964858368737623e-06
8.110913607417558069e-10
4.454409463505726308e-07
7.138099609375000000e+03
1.270278289666748606e-06
1.417646766640245914e-03
2.175989866256713867e+00
4.661700427532196045e-01
5.767221450805664062e+00
1.063298515902033614e-08
1.424664616584777832e+00
3.793587493896484375e+01
1.471657276153564453e+00
1.830700516700744629e+00
3.743957901000976562e+01
1.380522251129150391e+00
3.143647918477654457e-03
5.249077003099955618e-05
1.062143296003341675e-01
2.059684276580810547e+00
2.754409027099609375e+01
6.984327919781208038e-04
2.353981781005859375e+01
2.159736901521682739e-01
3.788037065532989800e-05
5.131642222404479980e-01
4.547837674617767334e-01
3.066120910644531250e+01
8.167937355120502563e-14
6.966549218750000000e+04
5.488725185394287109e+00
1.357884258031845093e-01
2.082514495849609375e+02
4.100437545776367188e+01
1.647676696777343750e+02
1.275943517684936523e+00
6.710401200000000000e+07
3.531184814453125000e+03
8.557301521301269531e+00
7.872803807258605957e-01
3.730130672454833984e+00
2.288020402193069458e-01
1.694627761840820312e+01
9.150152635584163363e-09
8.827957153320312500e+02
8.317549031744420063e-07
4.921688741887919605e-06
3.278804570436477661e-02
1.236357292100365157e-07
2.393861068412661552e-04
1.321539154052734375e+02
3.350730985403060913e-03
3.177408790588378906e+01
1.563030624389648438e+01
6.869030761718750000e+01
6.509960651397705078e+00
3.794133663177490234e+00
1.007407812500000000e+05
5.178132247924804688e+01
7.228181431173652527e-08
9.342207340523600578e-04
3.287672298029065132e-04
8.613996505737304688e+00
1.033758401870727539e+00
6.748802959918975830e-02
3.277920313848881051e-06
1.358329784125089645e-02
2.482163310050964355e-01
1.026640224456787109e+01
5.614603757858276367e-01
3.743198776245117188e+01
2.674937009811401367e+00
1.350187063217163086e-01
3.853806902043288574e-06
1.489743739366531372e-01
3.933539555873721838e-04
2.537898335930321991e-09
3.363528060913085938e+01
1.677305984497070312e+01
1.221586205065250397e-02
2.869829760000000000e+08
3.839348272898640557e-14
1.049183130264282227e+00
3.637854492187500000e+03
5.185211300849914551e-01
2.069299936294555664e+00
7.148997392505407333e-03
1.536747646331787109e+01
3.912659287452697754e-01
8.139706420898437500e+01
1.053127925843000412e-02
1.334208645857870579e-04
1.274902496337890625e+02
6.269118189811706543e-02
1.051396408081054688e+02
6.830520033836364746e-01
1.115726470947265625e+01
2.036511562500000000e+05
1.648915640544146299e-04
2.044654445754190419e-10
1.915050888061523438e+01
4.393599927425384521e-01
6.836669921875000000e+02
8.345234673470258713e-04
1.533427421236410737e-04
3.422568969726562500e+02
1.204882080078125000e+03
1.627396954972937237e-06
1.883682608604431152e-01
2.432411974950809963e-06
5.670829523296561092e-06
3.437321562500000000e+05
5.181499291211366653e-04
1.548646638092983433e-19
4.738254472613334656e-03
1.279315631836652756e-02
7.808489259332418442e-03
3.362025320529937744e-02
6.842629954917356372e-05
6.693569011986255646e-04
7.191642522811889648e-01
5.639394657919183373e-06
1.247703170776367188e+02
8.053427791310241446e-08
1.341282467037796522e-11
2.884859085083007812e+00
5.585027465820312500e+02
7.974678802490234375e+01
2.823488464355468750e+02
2.421588897705078125e+00
1.781774498522281647e-02
5.630296707153320312e+00
6.881172657012939453e-01
2.014569909079000354e-04
8.701697923243045807e-03
3.550793457031250000e+01
1.762071158736944199e-03
8.020371211614474305e-08
6.848152279853820801e-01
3.712874650955200195e+00
2.218201643700012937e-06
1.411589980125427246e-01
2.475977235008031130e-04
1.907410845160484314e-02
5.302590506441051676e-13
4.507959090460644802e-07
4.651414489746093750e+01
1.412651152350008488e-03
2.753594344540033489e-06
4.425630322657525539e-05
1.901746153831481934e+00
1.326899946434423327e-04
8.329286575317382812e+00
5.723528289794921875e+01
2.451059722900390625e+01
2.356307813897728920e-03
5.170489657757570967e-06
4.577424824237823486e-01
1.436593341827392578e+01
6.826486438512802124e-02
3.636880798339843750e+02
1.317938423156738281e+01
1.025597214698791504e+00
2.402677297592163086e+00
1.107470947317779064e-03
3.115684204101562500e+02
1.162014245986938477e+00
3.576016461011022329e-04
7.806717767380177975e-04
1.235489463806152344e+01
2.471502685546875000e+02
3.771335601806640625e+01
3.065181541442871094e+01
1.462100124359130859e+01
4.316925048828125000e+00
3.394569735974073410e-03
3.971428871154785156e+00
3.424853086471557617e-01
4.437477036844938993e-05
1.619551585463341326e-05
1.230255508422851562e+01
1.621551818847656250e+02
3.581855297088623047e-01
1.105395050048828125e+02
5.318583965301513672e+00
9.696616132259805454e-08
9.481399320065975189e-04
4.523427342064678669e-04
4.827706608921289444e-03
1.600772084202617407e-04
1.060376380337402225e-04
3.939864200219744816e-06
2.211656951904296875e+01
5.126605224609375000e+01
8.718777447938919067e-02
7.887368679046630859e+00
2.834443556753806328e-16
2.309348242187500000e+04
1.316130218505859375e+02
4.961796662428241689e-07
8.963996124267578125e+01
6.727644358761608601e-04
1.667193714638415258e-06
4.132257843017578125e+01
8.873134106397628784e-02
2.123370705930938129e-07
1.257666281162528321e-05
1.524573349342972506e-06
1.372439648437500000e+04
6.382941436767578125e+01
1.263377907889662310e-05
2.504725265502929688e+01
5.506354500539600849e-05
1.744512021541595459e-01
1.539185404777526855e+00
6.321526143437949941e-06
4.473828315734863281e+00
2.709628641605377197e-02
5.144267272949218750e+01
1.500656005859375000e+03
9.030389283570805503e-12
3.417611367240169784e-07
1.486169433593750000e+03
7.110481709241867065e-02
1.167622576758731157e-05
7.066686153411865234e-01
2.595392465591430664e+00
2.805399149656295776e-02
4.054806137084960938e+01
5.607987403869628906e+00
6.580952904187142849e-04
1.567333936691284180e-01
8.964270236901938915e-04
4.292795900255441666e-03
2.866092834472656250e+02
1.991155052185058594e+01
2.079900878906250000e+03
1.123000183105468750e+02
7.652386474609375000e+02
4.934461975097656250e+01
5.895489692687988281e+00
3.900089859962463379e-02
2.115582319675013423e-04
9.486906230449676514e-02
1.379514598846435547e+01
2.785214688628911972e-03
1.518661618232727051e+00
8.642973327636718750e+01
5.501163400367659051e-07
2.051074981689453125e+00
9.107807418331503868e-04
1.942718696594238281e+01
3.443660140037536621e-01
1.923172187805175781e+01
2.159199523925781250e+01
9.003677964210510254e-02
1.276649951934814453e+01
1.249449123861268163e-04
3.848704276606440544e-03
1.687352561950683594e+01
2.597959246486425400e-04
6.309443245644530407e-11
1.449063897132873535e+00
1.660329699516296387e-01
1.310663083131657913e-05
1.900699089674162678e-06
2.016327343881130219e-02
3.044285904252319597e-06
4.159980164786247769e-07
2.111027002334594727e+00
6.215328979492187500e+02
5.810494995117187500e+02
7.196060058593750000e+03
5.457651019096374512e-01
3.757897853851318359e+00
2.739674568176269531e+00
4.126487731933593750e+01
1.328163052676245570e-04
2.695787770790047944e-08
2.137565053999423981e-03
4.430214405059814453e+00
2.942079782485961914e+00
1.038631820678710938e+01
1.421471405029296875e+01
1.994384384155273438e+01
3.823832608759403229e-03
3.443282604217529297e+00
8.624397277832031250e+00
2.192539930343627930e+00
4.983915710449218750e+01
1.698970913887023926e+00
7.827756347656250000e+02
9.760422110557556152e-01
1.797974982764571905e-05
2.633056879043579102e+00
8.262557003035908565e-07
4.102493652343750000e+03
5.500679253600537777e-05
1.249681040644645691e-02
1.051381683349609375e+02
6.023232460021972656e+00
5.045509897172451019e-05
1.952529549598693848e+00
5.477308206991438055e-08
1.674373030662536621e+00
2.371837808823329397e-06
8.333705409313552082e-06
2.104817008972167969e+01
8.703876375193431159e-08
2.932942006736993790e-04
2.486043376848101616e-03
3.312329354230314493e-04
2.946126220703125000e+03
2.289535999298095703e-01
4.675278323702514172e-04
2.600670337677001953e+00
1.315559643444430549e-07
7.959366589784622192e-02
2.671216583251953125e+01
3.931097307940945029e-05
7.001923370361328125e+01
4.722623154520988464e-02
1.406730152666568756e-04
7.507439422607421875e+01
4.515292739868164062e+01
8.829661965137347579e-05
1.058666133880615234e+01
5.609448432922363281e+00
4.293095320463180542e-03
2.348571456968784332e-02
1.595309868207550608e-06
3.419921112060546875e+01
6.814494554419070482e-06
3.924282267689704895e-02
3.175553131103515625e+01
2.661785620746998787e-14
1.785367584228515625e+01
7.885687409725505859e-07
6.090331077575683594e-02
5.985574722290039062e+01
1.923503732541576028e-04
1.298779352509882301e-05
1.783923912048339844e+01
9.568100795149803162e-04
4.587992668151855469e+00
1.889108467102050781e+01
3.830325324088335037e-03
3.077621513511985540e-04
3.968270111083984375e+01
3.584833621978759766e+00
3.687934875488281250e+02
3.100161743164062500e+02
1.088170665752841160e-05
3.182076263427734375e+01
3.813095092773437500e-01
1.781097264029085636e-03
3.990680694580078125e+00
5.703420042991638184e-01
1.877626217901706696e-02
9.759733802638947964e-05
2.724529622355476022e-06
1.036465837387368083e-04
8.637515068054199219e+00
1.327195204794406891e-03
8.061980590820312500e+02
4.590989556163549423e-03
2.819961309432983398e-01
2.593947101559024304e-07
2.979328428409644403e-07
4.977800369262695312e+01
2.347114309668540955e-02
1.487357076257467270e-04
3.729624950210563838e-06
9.476140863342490464e-16
1.171457767486572266e-01
1.188853515625000000e+03
1.269642410278320312e+02
4.890425109863281250e+01
1.022799040000000000e+08
3.131873512268066406e+01
2.840372323989868164e-01
1.673500053584575653e-03
1.034762476592732128e-06
5.278950929641723633e-02
2.750804414972662926e-04
1.289729690551757812e+01
5.488640069961547852e-02
1.425097728713353717e-08
1.216860198974609375e+01
5.014857833884889260e-06
1.294215908274054527e-04
1.906440957100130618e-05
4.689087187500000000e+05
6.768065690994262695e-01
6.793742650188505650e-04
8.057066202163696289e-01
3.779165854211896658e-04
3.752932846546173096e-01
3.449711905023633562e-10
9.267390625000000000e+04
4.678136408329010010e-01
8.190514636225998402e-04
1.044225718942470849e-04
2.720517349243164062e+01
1.183295726776123047e+01
5.384058475494384766e+00
6.699747173115611076e-04
2.301177382469177246e-02
1.093304308596998453e-05
2.767754040178260766e-06
4.179492534603923559e-04
2.480412542027465861e-10
9.755119140625000000e+03
1.811757965087890625e+02
1.349674377441406250e+02
5.239730817265808582e-04
1.528588831424713135e-01
6.765758007531985641e-05
2.856597314714354653e-18
2.021314343437552452e-03
4.140386590734124184e-05
1.073851436376571655e-01
5.913561210036277771e-02
8.501873016357421875e-01
7.808712010337615084e-10
3.487999737262725830e-02
1.212323875000000000e+06
2.601364394649863243e-04
2.972563263028860092e-03
2.251977287232875824e-02
2.217387408018112183e-02
5.561519861221313477e-01
2.530273950432371244e-12
5.303178226984550400e+16
1.193985177394552011e-08
1.240505981445312500e+02
2.786254405975341797e+00
1.471018791198730469e-01
2.170237922668457031e+01
6.428332328796386719e+00
2.221877593994140625e+02
1.004621505737304688e+00
1.443623345356566477e-15
8.009207248687744141e-02
2.877478332519531250e+02
3.583504882812500000e+03
5.638273315429687500e+02
1.798648357391357422e+00
2.542283058166503906e+01
5.920824527740478516e+00
3.568293993616578064e-10
1.128381848335266113e+00
6.678139790892601013e-03
1.540511697530746460e-01
1.664775118115358055e-05
4.287153424229472876e-04
4.137432098388671875e+00
1.017961740493774414e+00
9.806308895349502563e-02
2.935580611228942871e-01
1.034745635986328125e+02
3.287298083305358887e-01
1.123012012271829008e-07
2.352497074753046036e-03
1.210346679687500000e+03
1.193242496810853481e-03
2.871480211615562439e-02
4.118525695800781250e+02
7.443470414727926254e-03
7.750810623168945312e+00
1.212774068117141724e-01
1.526399864815175533e-04
3.057925729081034660e-03
5.985722600598819554e-05
3.762012243270874023e+00
1.332758045196533203e+01
7.815726101398468018e-03
7.798314690589904785e-01
1.649983276367187500e+03
8.270488739013671875e+01
8.970061689615249634e-02
3.795927429199218750e+02
6.072260561040820903e-08
9.962635040283203125e-01
1.139693832397460938e+01
3.765468750000000000e+02
4.001606157544301823e-07
1.266732056137698237e-06
6.219214200973510742e-01
9.568461216986179352e-03
3.839552518911659718e-04
9.845048387635557674e-11
1.672803983092308044e-02
2.282027271576225758e-04
8.670018911361694336e-01
9.833964347839355469e+00
6.987974792718887329e-02
8.996209106445312500e+02
2.304181671142578125e+01
5.808069600000000000e+07
2.465455532073974609e+00
1.404335343977436423e-04
1.068335492163896561e-02
1.944433152675628662e-02
2.382869366556406021e-03
3.300182223320007324e-01
5.428489257812500000e+03
4.244927883148193359e+00
2.801829910278320312e+01
3.855001011743297568e-07
1.000810740947599697e-07
1.441986709833145142e-01
2.586942631751298904e-03
1.235212516784667969e+01
7.333015650510787964e-02
3.057152219116687775e-02
6.282867789268493652e-01
2.528271436691284180e+00
4.998458938421102005e-11
5.181713581085205078e+00
4.871954727172851562e+01
5.220496654510498047e+00
2.283859939780086279e-04
5.578961689025163651e-03
6.996928132139146328e-04
2.842293167114257812e+01
2.740829086303710938e+01
1.270722987101180479e-05
1.626869661208729667e-08
1.367419242858886719e+01
6.621822834014892578e+00
2.051663780212402344e+01
1.532211154699325562e-02
2.636967182159423828e+00
7.619743794202804565e-02
4.294727841624990106e-05
6.306747764028841630e-07
1.114175319671630859e+01
2.497581100463867188e+01
5.186182079341961071e-07
1.240377521514892578e+01
5.512776624527759850e-05
1.921585273742675781e+01
1.117464671551715583e-05
6.125586509704589844e+00
1.711572054773569107e-03
1.918335215123079251e-07
1.747134141623973846e-02
7.948233032226562500e+02
7.978765293955802917e-03
7.294783115386962891e+00
1.605862235010135919e-05
2.045003515625000000e+04
9.826057434082031250e+00
1.499985961914062500e+02
1.571408100426197052e-02
7.227658443298423663e-06
9.726743446663022041e-04
2.903222143650054932e-01
8.108157198876142502e-04
2.963259066746104509e-05
2.765284618362784386e-03
2.738023176789283752e-04
6.816323852539062500e+02
7.388073136098682880e-04
5.197705078125000000e+02
2.058895071968436241e-03
5.615818873047828674e-02
2.611608803272247314e-01
8.374115714104846120e-05
4.381657028198242188e+01
1.977346611022949219e+01
5.264455032348632812e+01
3.181109204888343811e-03
8.227991104125976562e+00
8.030271203551819781e-08
2.223163377493619919e-03
2.212000026702298783e-06
1.039148788452148438e+02
2.877257019281387329e-02
7.590997695922851562e+00
1.804579551389906555e-05
3.062768373638391495e-03
2.112343645421788096e-04
9.561430662870407104e-02
4.183896484375000000e+02
8.445088184316773550e-09
2.857166342437267303e-03
2.558126068115234375e+02
5.946416640654206276e-04
7.297776639461517334e-02
3.071981370449066162e-01
7.922581434249877930e-01
2.621819498017430305e-03
2.074388732910156250e+02
3.312616825103759766e+00
1.783515983788674930e-07
4.377385616302490234e+00
1.217781230807304382e-01
2.469815872609615326e-02
1.293295440673828125e+02
1.030249472000000000e+09
6.919335365295410156e+00
1.887700873379840000e+14
2.039521942138671875e+02
2.637771844863891602e+00
1.297934818267822266e+01
1.640645141601562500e+03
1.097507596015930176e+00
1.236546611785888672e+01
7.722580805420875549e-03
1.997397930608713068e-06
8.486728688694711309e-07
5.640350282192230225e-04
7.321403026580810547e+00
1.170331597328186035e+00
1.429181518554687500e+02
1.353268718719482422e+01
8.390553603021544404e-07
2.693743258714675903e-02
1.762680816650390625e+01
1.624487526714801788e-02
1.733525024414062500e+03
5.123168945312500000e+00
2.078388519287109375e+02
8.583334931699937442e-09
5.662999153137207031e-01
1.288726646453142166e-02
4.529807128906250000e+03
2.541139160156250000e+03
9.122413189288636204e-07
1.768164215087890625e+02
2.910644721984863281e+01
1.193753108382225037e-01
3.625281333923339844e+00
1.990592628717422485e-01
2.649090220074867830e-06
1.514611767561291344e-06
8.648370742797851562e+00
4.432539343833923340e-01
1.664446608629077673e-04
2.711699753632501597e-10
1.105827628634870052e-03
1.805742249416653067e-05
2.514807251330353211e-09
4.656688868999481201e-01
8.297652541822353673e-17
1.645255737304687500e+02
1.980202347040176392e-01
2.910010337829589844e+01
2.150578438886441290e-05
1.711849975585937500e+01
3.857441991567611694e-02
2.726631587179895178e-09
1.833214998245239258e+00
4.027162551879882812e+00
9.002521255752071738e-05
1.850525877671316266e-04
9.662028402090072632e-03
6.000779103487730026e-03
1.083263661712408066e-02
1.814653728615667205e-06
2.955608069896697998e-01
6.526211276650428772e-03
7.990104411437215504e-11
1.181356048583984375e+01
1.479329967498779297e+01
4.888467788696289062e+01
5.451115220785140991e-02
4.143392725382000208e-04
5.557659824262373149e-05
5.699279136024415493e-04
4.355584271252155304e-03
1.259863260202109814e-03
1.999955884457449429e-06
3.504616324789822102e-04
2.277013380080461502e-03
7.874037933349609375e+01
1.334790992736816406e+01
3.659360110759735107e-01
2.310920000076293945e+00
3.294563555300555890e-08
6.220099435516601716e-11
8.429607748985290527e-02
8.407855987548828125e+01
2.195375561714172363e-01
4.423684120178222656e+00
1.828866195678710938e+01
6.845191121101379395e-02
3.971244812011718750e+00
9.065625583559722145e-09
1.281395438127219677e-03
4.182658717036247253e-02
8.138298243284225464e-02
4.767726361751556396e-01
3.469924545288085938e+01
3.395504363790102786e-14
3.738060826435685158e-03
2.108745036366599379e-07
6.293399934520493844e-08
2.046568542718887329e-01
6.700072021484375000e+02
6.675163507461547852e-01
2.411617169855162501e-04
4.550396988634020090e-04
5.994921922683715820e-02
3.817082275390625000e+03
3.180027902126312256e-01
1.155375321104656905e-05
7.275313604623079300e-03
1.769347004289812187e-21
5.845120176672935486e-02
2.372334897518157959e-01
2.813129043579101562e+01
5.556102678383467719e-06
2.193227767944335938e+01
1.493993840995244682e-05
3.130090832710266113e-01
2.730846608756110072e-05
1.209677219390869141e+00
1.168626367187500000e+04
1.065076708793640137e+00
3.077468863921239972e-05
2.699028700590133667e-04
3.851213958114385605e-03
2.541593974456191063e-03
1.311645507812500000e-01
4.229436411267898472e-16
1.925617425513337366e-07
7.608749866485595703e+00
2.219421714544296265e-01
1.751259260345250368e-04
9.271034598350524902e-02
3.987662792205810547e+00
9.251869916915893555e-01
5.188017509626281776e-14
1.637034149730431931e-14
2.751221654762048274e-05
2.438897306333842607e-09
2.712700370466336608e-05
9.426628821529448032e-06
9.818457031250000000e+01
2.608628590916595158e-11
1.368645143884350546e-06
6.788663864135742188e-01
3.294075554549635854e-07
1.781450409907847643e-04
1.331347011728212237e-04
1.718047593080029856e-09
2.231430053710937500e+00
1.498160552978515625e+02
4.852625716011971235e-05
1.399752945872023702e-04
9.684106111526489258e-01
6.691261660307645798e-04
6.686869310215115547e-04
2.034013904631137848e-02
2.502663421630859375e+01
7.756740388886740334e-11
7.628419423921783959e-11
4.184307848126289642e-12
6.252121353149414062e+01
3.659588012695312500e+02
5.606289876780579107e-10
1.894633293151855469e+00
2.252025151392444968e-04
1.136597692966461182e-01
3.627644777297973633e+00
9.241720438003540039e-01
3.233762512207031250e+02
2.785527801513671875e+01
4.238724899291992188e+01
4.670984687500000000e+05
2.198072433471679688e+01
4.549195766448974609e-01
1.621322780847549438e-01
1.393820881843566895e+00
7.694470214843750000e+01
1.599157601594924927e-02
6.007282714843750000e+02
1.258878091903170571e-05
1.027100801467895508e+00
2.051723375916481018e-02
4.788012504577636719e+00
2.232649736106395721e-02
1.047511491924524307e-02
4.200677853077650070e-03
6.349317550659179688e+00
1.045005006972132833e-07
2.356639924983028322e-05
1.623101196289062500e+02
1.240745353698730469e+01
1.127409115433692932e-01
1.112139361794106662e-04
4.991154186427593231e-03
2.252349275977394427e-07
2.857889892578125000e+03
5.573947065625611819e-14
8.633759765625000000e+02
2.399994659423828125e+01
4.557636260986328125e+00
1.762548927217721939e-04
5.558353424072265625e+01
2.392275333404541016e+00
2.336720428466796875e+02
4.284225106239318848e-01
6.231385668797884136e-06
2.564915466308593750e+01
5.745796952396631241e-04
4.007614625152200460e-04
9.388200759887695312e+00
1.923106257573081734e-10
3.041727244853973389e-01
2.470449078828096390e-03
2.908037789165973663e-02
3.383749425411224365e-01
4.956275558471679688e+01
1.067833291017450392e-04
1.083515644073486328e+01
1.220550537109375000e+00
2.041068114340305328e-02
4.586614068102790043e-06
2.438173055648803711e+00
8.319312095642089844e+00
4.740124702453613281e+00
1.936676383018493652e+00
3.833553194999694824e-02
1.687043113633990288e-03
2.276375293731689453e+00
1.940488368272781372e-01
1.007080450654029846e-01
1.206071777343750000e+03
4.349293187260627747e-02
1.095180958509445190e-01
7.091205120086669922e+00
5.806989429402165115e-05
1.639457893371582031e+01
5.162910938262939453e+00
1.251765061169862747e-04
4.389001464843750000e+01
7.624208819834166206e-09
1.137514846050180495e-04
4.897848339169286191e-05
2.869279342121444643e-05
3.591048152884468436e-05
6.566563606262207031e+00
1.147348523139953613e+00
5.847456455230712891e-01
4.264752197265625000e+01
3.183926696777343750e+02
1.726956353422510734e-18
1.394712249748408794e-03
8.061770349740982056e-02
4.554510593414306641e+00
1.547935312373738270e-06
3.786589050292968750e+01
2.217846767616000000e+12
7.758522629737854004e-01
2.185870110988616943e-01
2.265472561120986938e-01
2.186716068536043167e-03
5.238332366943359375e+01
1.000084823982172466e-11
1.805535634048283100e-03
2.062493860721588135e-01
1.868853378295898438e+01
1.753769814968109131e-02
5.197406560182571411e-02
3.252050578594207764e-01
5.102715222164988518e-04
1.317994594573974609e+01
7.883855590820312500e+02
1.350034027099609375e+02
2.099090194702148438e+01
6.195922469487413764e-05
4.242367576807737350e-04
2.804576361086219549e-04
1.270888447761535645e+00
4.958529663085937500e+02
3.284732818603515625e+00
2.580143154773395509e-05
3.438536217483922571e-25
2.297560422448441386e-04
3.151702165603637695e+00
8.988952264189720154e-03
7.805861734766494919e-09
6.385681533813476562e+01
8.487019687891006470e-03
1.399434239601760055e-07
3.761686093639582396e-05
2.665296936035156250e+02
1.345137000083923340e+00
4.271221114322543144e-04
1.798333376646041870e-01
3.384910087333992124e-05
3.318000411987304688e+01
3.315430297851562500e+02
3.946283340454101562e+00
7.122636307030916214e-04
4.009744822978973389e-01
3.348413482308387756e-02
2.890118339564651251e-04
8.830092163085937500e+02
1.716938056051731110e-02
1.213585026562213898e-02
3.335766086820513010e-04
6.932768225669860840e-02
5.231715931586222723e-06
1.442665350623428822e-03
9.316200739704072475e-04
7.866655761718750000e+03
1.501164436340332031e+01
2.888766721298452467e-05
1.119877099990844727e+00
4.317062854766845703e+00
3.273343667387962341e-02
3.765779724121093750e+02
3.902068734169006348e-02
4.094239807128906250e+01
1.603322476148605347e-01
2.787774428725242615e-04
1.934296250343322754e+00
1.734169006347656250e+01
3.555661737918853760e-01
5.885967612266540527e-01
4.293275390625000000e+04
7.086117751896381378e-03
1.515518757514655590e-03
1.888072461042611394e-06
1.995063209533691406e+01
1.337481680963037434e-08
1.268988013267517090e+00
1.808177097700536251e-03
5.804151896882103756e-06
1.015205383300781250e+01
3.781426269531250000e+03
1.737352561950683594e+01
2.098921012878417969e+01
4.717130362987518311e-01
8.408060073852539062e+00
4.948487548972479999e-05
2.972482681274414062e+00
1.238977375000000000e+06
2.411085180938243866e-03
9.983937161450739950e-07
5.198286743164062500e+02
3.673586249351501465e-01
1.454510784149169922e+01
8.561544120311737061e-02
1.357167720794677734e+01
9.581897854804992676e-01
4.150822162628173828e-01
1.227004540851339698e-04
5.019679116813335895e-12
8.642474313091952354e-06
1.228535263208657127e-17
8.267845153808593750e+00
3.896426733263069764e-06
5.170447006821632385e-02
9.093695678710937500e+02
2.801736265212184662e-08
1.054767722052929457e-07
2.978538513183593750e+02
4.203043878078460693e-01
4.260514979250729084e-04
9.633073932491242886e-04
1.043970361351966858e-01
2.143599465489387512e-02
2.631957067933399230e-05
7.426161319017410278e-04
4.509590216912329197e-04
5.581526160240173340e-01
9.370799247676586674e-09
1.799980054784100503e-06
3.306867711216909811e-06
1.362564697265625000e+03
2.810980549838859588e-05
1.348520517349243164e+00
8.992737275548279285e-05
1.905564335174858570e-03
9.386900067329406738e-01
2.292468416271731257e-04
1.493969648436177522e-05
1.016610383987426758e+00
2.496153115316701587e-07
1.515241241455078125e+01
1.251916885375976562e-01
2.380901611328125000e+03
4.751812988281250000e+03
1.028841018676757812e+00
1.814541320800781250e+02
1.824863314628601074e+00
3.847014160156250000e+02
1.682787695312500000e+04
5.523715209960937500e+02
8.577336120605468750e+01
3.323153126984834671e-03
3.103358281464352331e-08
2.087558783614440472e-07
3.054334223270416260e-02
4.049988269805908203e+00
8.008057403564453125e+01
1.617413330078125000e+01
2.702677965164184570e+00
9.396222114562988281e+00
1.525265979580581188e-04
2.164397017168084858e-07
4.025591806566808373e-06
2.239954948425292969e+00
4.556223284453153610e-04
2.357341349124908447e-02
3.761925666811993807e-12
4.943221282958984375e+01
2.373625466134399176e-05
3.951942198909819126e-04
7.056363582611083984e+00
2.784070205688476562e+01
2.979369834065437317e-03
6.510541346489706616e-13
2.669373750686645508e+00
6.983063507080078125e+01
2.834220886230468750e+01
1.997534942626953125e+01
1.671745479106903076e-01
1.411340808868408203e+01
5.667579243890941143e-04
2.259411811828613281e+00
6.679828491210937500e+02
1.522108068456873298e-04
1.303861290216445923e-01
4.339591760071925819e-05
5.625188125000000000e+05
6.198706250870600343e-05
2.546417773437500000e+04
1.354995369911193848e+00
2.349980926513671875e+01
1.568616790771484375e+02
2.039085960388183594e+01
3.932939842343330383e-02
5.942198562622070312e+01
1.629237681627273560e-01
4.853536718750000000e+04
5.426506835937500000e+03
4.089839756488800049e-03
3.555967807769775391e-01
4.497823238372802734e+00
4.746220397949218750e+01
5.346886157989501953e+00
1.109103672206401825e-03
6.805606535635888577e-04
5.375758279114961624e-03
1.843152809143066406e+01
1.183555483818054199e+00
2.391343237832188606e-03
3.315063714981079102e-01
2.367289161682128906e+01
3.640239592641592026e-03
1.190795898437500000e-01
1.989006161689758301e+00
1.943902811035513878e-03
3.590695559978485107e-04
4.003856703639030457e-02
1.145573111198394667e-12
4.090886414051055908e-01
2.078302978515625000e+03
1.097471801757812500e+03
3.009948912335858040e-08
1.767396181821823120e-01
1.789738191291689873e-03
1.149604748934507370e-02
3.834088100120425224e-03
1.927089214324951172e+00
1.511165771484375000e+02
2.238332629203796387e-01
1.763471603393554688e+01
9.092634911667119013e-08
7.368886470794677734e+00
3.194399261474609375e+01
8.579209446907043457e-02
1.979964319616556168e-03
1.064183935523033142e-02
6.673755493164062500e+02
1.975802034139633179e-01
4.273008789062500000e+03
5.889735698699951172e+00
5.216042041778564453e+00
7.482938232421875000e+02
2.679484939575195312e+01
7.386798504739999771e-03
2.571935272216796875e+01
1.153218969702720642e-01
2.003654479980468750e+01
6.021878906250000000e+03
8.217301757660125383e-14
4.275218816474080086e-04
7.215804071165621281e-04
1.341203117370605469e+01
1.538373678922653198e-01
2.727385982871055603e-02
5.079995393753051758e-01
1.415998041629791260e-01
1.313360929489135742e-01
6.114582419395446777e-01
4.247991561889648438e+01
5.880689620971679688e+00
1.023710234375000000e+05
7.116555023193359375e+01
1.115596175193786621e+00
5.086327195167541504e-01
7.814066339051350951e-05
6.772567867301404476e-04
2.243540883064270020e-01
6.655588989257812500e+02
5.632596167259862341e-09
9.157640334933603299e-08
8.566340332031250000e+02
1.042730790601353874e-08
4.681110567616997287e-06
6.757413864135742188e+00
5.480088666081428528e-02
1.285586506128311157e-02
2.115060615539550781e+01
1.942296279594302177e-03
6.134404987096786499e-02
4.491963386535644531e+00
8.209304809570312500e+01
4.511222839355468750e-01
1.022281738281250000e+04
8.186700439453125000e+01
6.838334083557128906e+00
2.412036418914794922e+00
6.320452690124511719e-01
8.582220179960131645e-04
2.340623140335083008e-01
8.769883424974977970e-05
5.066985321044921875e+01
1.141875982284545898e-02
1.874450966715812683e-02
1.131371140480041504e+00
1.109324827552882198e-07
8.877968788146972656e-02
1.285826861858367920e-01
3.462943141130381264e-06
4.696034640073776245e-02
2.119558304548263550e-01
3.954144687500000000e+05
6.018587112426757812e+00
3.394988831132650375e-03
3.497638681437820196e-04
4.790342791238799691e-05
5.132730720482092668e-13
1.999170303344726562e+01
5.232252197265625000e+02
2.216672668457031250e+02
5.450274009888289584e-09
9.343587444163858891e-04
1.265828475952148438e+02
8.637979044578969479e-05
2.507293410599231720e-02
8.421508789062500000e+01
3.090173912048339844e+01
3.014857769012451172e+00
1.844166183471679688e+01
7.854595907019756851e-08
3.027565078809857368e-03
1.352009567199274898e-04
3.292913138866424561e-01
1.085316800000000000e+07
3.650628030300140381e-03
1.725072979927062988e+00
1.516667194664478302e-02
2.032617759704589844e+01
9.287825785577297211e-03
8.366185426712036133e-01
1.055883026123046875e+01
9.163861395791172981e-04
1.387097654514946043e-05
2.911268502745617548e-14
7.943949498212532490e-08
1.097033321857452393e-01
1.104552298784255981e-01
2.976238029077649117e-03
4.057599231600761414e-03
5.080813425593078136e-04
2.437238246202468872e-01
3.040868250536732376e-07
1.590147391539176169e-08
7.559496402740478516e+00
3.251069068908691406e+00
4.764006473124027252e-03
2.632709765625000000e+04
2.001756477355957031e+01
6.352185606956481934e-01
6.149756722152233124e-03
3.347703552246093750e+01
2.695673339843750000e+03
4.492951965332031250e+02
1.239018311025574803e-04
6.362871932983398438e+01
1.421710931026609614e-05
6.103694438934326172e-01
1.937567628920078278e-02
4.226748657226562500e+01
1.160830703125000000e+05
5.106567837857844960e-14
1.015990734100341797e+00
2.468293952941894531e+01
1.753608906250000000e+05
1.018658041954040527e+00
1.168731498718261719e+01
1.009501167573034763e-03
6.151380489427538123e-07
3.956133150495588779e-05
6.886239589221077040e-06
4.543161094188690186e-01
2.907334327697753906e+01
5.331573447620030493e-06
1.133402565756114200e-05
4.597706562500000000e+05
1.539839897304773331e-02
4.618450390625000000e+04
1.531396293640136719e+01
2.480756724253296852e-03
5.850179195404052734e+00
5.339547642506659031e-04
2.795478421229596888e-13
3.507126239128410816e-04
9.702950592327397317e-06
1.669897697865962982e-02
8.405002355575561523e-01
7.669490514672361314e-06
2.790609187286463566e-06
1.424351334571838379e-01
4.094211578369140625e+00
1.580287170410156250e+01
1.290390103797500743e-11
2.155577278137207031e+01
1.114087677001953125e+01
8.606582996435463428e-04
1.781046837568283081e-01
2.215088844299316406e+00
6.854053497314453125e+00
4.557548463344573975e-01
1.288433691406250000e+04
4.359664618968963623e-01
3.396858461201190948e-03
8.600904464721679688e+00
1.341888093975285301e-07
1.845514134402037598e-06
3.806737717241048813e-03
3.569262695312500000e+02
3.885792102664709091e-05
2.324951171875000000e+01
8.269747070312500000e+03
1.821064756768464576e-07
8.803558349609375000e+00
4.923853091895580292e-03
3.990341113091488978e-10
3.273376569268293679e-05
9.446405029296875000e+01
2.526195943355560303e-01
3.683932391140842810e-06
5.517103545571444556e-06
3.949211502075195312e+01
1.699775986629958879e-09
2.240608446300029755e-02
3.097518310546875000e+03
9.563459570927079767e-07
5.363766476511955261e-02
1.165318965911865234e+01
1.029083225876092911e-02
2.885985672473907471e-01
2.796515703201293945e+00
2.221804857254028320e-02
2.472732448950409889e-04
1.148936533130516329e-16
3.987469896674156189e-02
1.800535559654235840e+00
1.288725662231445312e+01
2.346130752563476562e+01
1.865721606009174138e-05
1.202226500026881695e-03
1.912496566772460938e+00
9.734667205810546875e+01
1.068573496354474628e-08
1.973263533727731556e-05
2.439600974321365356e-02
6.064697742462158203e+00
1.839196484070271254e-04
1.600317001342773438e+00
8.415860176086425781e+00
2.895138598978519440e-02
1.215294113159179688e+02
9.075165390968322754e-01
3.178249597549438477e+00
1.754449725151062012e+00
9.579524885339196771e-06
1.952084570312500000e+04
1.196925759315490723e+00
7.095403969287872314e-02
7.860830307006835938e+00
5.046194419264793396e-03
1.230737072415485477e-15
3.577258777861631880e-18
1.701660337857902050e-03
3.179949522018432617e-02
4.532214355468750000e+01
3.570455169677734375e+01
3.021342672582250088e-05
1.068167760968208313e-01
2.464889287948608398e-01
1.903455162048339844e+01
2.745735924690961838e-03
5.554625034332275391e+00
3.552338328008386448e-12
1.130362868309020996e+00
1.864287257194519043e+00
3.670728206634521484e-02
2.412942876617307775e-06
2.004735932814583066e-07
1.599397510290145874e-02
2.633614242076873779e-01
2.790760803222656250e+01
9.382241875000000000e+05
5.054607987403869629e-02
2.690652909222990274e-04
1.195774078369140625e+00
5.018371582031250000e+00
6.959398160688579082e-05
1.623085498809814453e+00
4.961610138416290283e-01
1.676806621253490448e-02
4.221581039018929005e-04
2.240232570329681039e-04
2.246623858809471130e-02
1.131376120611093938e-04
1.324257464148104191e-04
7.269564861189792282e-08
1.134519214684992505e-10
7.479323539882898331e-03
4.617433471679687500e+02
3.843538695946335793e-03
1.548687529129635920e-13
1.056213474273681641e+01
7.958420034093194317e-11
2.126563742876896868e-07
1.130920946598052979e-01
1.588392496109008789e+00
1.265696846530772746e-05
5.762913860962726176e-05
4.391521315483259968e-07
5.190812349319458008e-01
1.020476873964071274e-02
2.166756776869888000e+15
4.539135470986366272e-02
1.125977113842964172e-01
8.368917465209960938e+00
1.354026426270138472e-05
1.758819274902343750e+02
1.267465438159476321e-10
5.885017890250310302e-05
1.029335617204196751e-04
2.952573299407958984e-01
1.093076480174204335e-05
3.767511941120000000e+11
5.545551776885986328e+00
3.000889206305146217e-03
3.754331588745117188e+01
1.355658657848834991e-02
5.110640544444322586e-03
1.171757984161376953e+01
4.956473999023437500e+02
4.999687917006667703e-07
2.532704353332519531e+01
6.984995269775390625e+01
1.405489959716796875e+02
6.349579989910125732e-02
7.514255703426897526e-04
2.838402092456817627e-01
9.169739723205566406e+00
2.229297447204589844e+01
2.454991071543233261e-11
4.866445660591125488e-01
3.674440860748291016e+00
1.037184047698974609e+01
4.766908939927816391e-03
1.273148111067712307e-03
7.144705250539118424e-06
1.081041259765625000e+02
2.411298680726758903e-07
1.695820093154907227e-01
1.885517733171582222e-03
8.926835060119628906e-01
3.036540001630783081e-04
4.818373417947441339e-04
5.432526813820004463e-05
4.934942116960883141e-04
1.294231299908688015e-08
2.600770187377929688e+01
4.820260684937238693e-03
3.412028320312500000e+03
7.079665064811706543e-01
7.700634747743606567e-02
5.329840035983579583e-08
1.000380992889404297e+01
2.241002273559570312e+01
5.518070602416992188e+01
1.707114624023437500e+03
3.423722519073635340e-04
3.968367767333984375e+01
2.841840125620365143e-02
1.699210144579410553e-02
1.247510744455358101e-21
2.212482643127441406e+01
6.888204813003540039e-01
1.048345642089843750e+02
1.913183450698852539e+00
2.159196510910987854e-02
1.985737830400466919e-01
8.877471373125445098e-06
2.651776885613799095e-03
1.942079208561153791e-08
7.683621100484927524e-12
8.965933918952941895e-01
1.480162518419092521e-05
2.680743455886840820e+00
6.783999197068624198e-06
9.171981811523437500e+00
2.163018734790966846e-06
9.337778472900390625e+01
6.454258691519498825e-04
7.569876861572265625e+01
1.370394974946975708e-01
8.945065736770629883e-01
5.656406283378601074e-04
2.954082810902036726e-05
3.069527149200439453e+00
2.638049697875976562e+01
3.036124610900878906e+01
2.434213820379227400e-04
3.842168640000000000e+08
2.573642134666442871e-01
5.356922149658203125e-01
6.924639344215393066e-01
1.957599639892578125e+01
7.998928427696228027e-03
1.265262246131896973e+00
2.657202130649238825e-04
1.534501276045929785e-10
3.829052124023437500e+02
3.245109401177614927e-04
1.677298828125000000e+03
6.623962894082069397e-03
3.149813739582896233e-03
8.584922790527343750e+01
1.137478947639465332e+00
2.678366377949714661e-03
7.169637680053710938e+00
3.249919891357421875e+01
7.554987191404904934e-10
2.824636474609375000e+03
9.634081274271011353e-02
6.495035290718078613e-01
6.878463745117187500e+00
3.499057769775390625e+00
8.902080535888671875e+01
2.626593208312988281e+01
7.451747655868530273e-01
8.166416287422180176e-01
9.499753906250000000e+03
1.867754240000000000e+08
4.773138427734375000e+02
2.123436546325683594e+01
2.107895707013085485e-04
8.526225574314594269e-04
2.161790370941162109e+00
4.385379314422607422e+00
1.153019111370667815e-04
2.204687695312500000e+04
1.465374111830897164e-06
1.242657285183668137e-02
1.345063018798828125e+02
2.888587303459644318e-02
9.634297370910644531e+00
8.885032002581283450e-06
3.428890295253950171e-06
5.819522857666015625e+00
1.685689544677734375e+01
1.232286071777343750e+01
2.367065124511718750e+02
2.201239294663537294e-05
5.531327724456787109e+00
2.584677076811203733e-06
6.607197065022774041e-07
8.061824738979339600e-02
2.200078582763671875e+01
3.389043733477592468e-02
1.777807628968730569e-04
7.650506205110485514e-13
3.535871505737304688e+01
1.193005889654159546e-01
3.615930557250976562e+01
6.386181667039636523e-06
1.958807782642679740e-09
9.584216028451919556e-02
3.375651140231639147e-04
1.419947831891477108e-03
5.428663296669355987e-09
7.042827148437500000e+03
2.563686750000000000e+06
2.330092489719390869e-01
1.030598953366279602e-02
1.808509445190429688e+01
2.987450408935546875e+01
2.218806330347433686e-04
2.041259966790676117e-02
2.644752693176269531e+01
8.812491595745086670e-02
2.426353073120117188e+01
8.024602197110652924e-03
2.563569927588105202e-03
8.115541076660156250e+01
5.852388963103294373e-02
1.039230730384588242e-03
4.894937133789062500e+01
2.613726537674665451e-03
4.460173828125000000e+03
7.633326053619384766e+00
1.921191364526748657e-01
3.433559894561767578e+00
2.715005248319357634e-04
4.989340940397823942e-09
1.227239072322845459e-01
3.110863769531250000e+03
5.753180477768182755e-03
1.729274226818233728e-04
5.726375198364257812e+01
4.259102934156544507e-05
1.639649963378906250e+01
9.196459501981735229e-02
1.141767501831054688e+01
1.973425745964050293e+00
2.474616048857569695e-04
7.476974133169278502e-06
1.202733984375000000e+04
9.134253114461898804e-02
1.008546329103410244e-03
4.007589371468611716e-09
6.307895432655641343e-07
2.463482379913330078e+00
5.059541668742895126e-03
4.471987631404772401e-05
1.166774630546569824e+00
9.463703155517578125e+00
1.452223658561706543e-01
7.285150350071489811e-04
3.813078394159674644e-03
2.279060745239257812e+01
6.733288764953613281e-01
1.689143682597205043e-04
2.889764070510864258e+00
2.583957099914550781e+01
2.883654960896819830e-04
5.989607961964793503e-05
5.061789703369140625e+01
4.197759628295898438e+00
3.627056181430816650e-01
8.156464843750000000e+02
1.304365810938179493e-03
2.400726589257828891e-05
4.926671087741851807e-02
3.501627731323242188e+01
1.123600292205810547e+01
2.637481782585382462e-03
1.043932046741247177e-02
7.230375671386718750e+01
4.626747965812683105e-01
3.263158258050680161e-03
2.204542624895111658e-06
1.858375549316406250e+00
3.152397537231445312e+01
9.383913040161132812e+00
1.559968077344819903e-04
1.211670227348804474e-02
3.048317909240722656e+01
2.538383483886718750e+01
7.208529606561597802e-11
6.201762199401855469e+00
5.309508789062500000e+03
1.925699615478515625e+02
9.348449707031250000e+02
5.714805126190185547e-01
5.907379918568267385e-09
9.341483116149902344e+00
7.355451202392578125e+01
2.866971778869628906e+01
6.271644531250000000e+03
3.335498273372650146e-03
5.523487925529479980e-03
2.623250007629394531e+00
1.055343818734399974e-05
3.859164714813232422e-01
1.347370911389589310e-02
8.957169939094455913e-08
1.257322921752929688e+02
1.996506042480468750e+02
3.901618123054504395e-01
1.633509993553161621e+00
3.333211243152618408e-01
8.576396852731704712e-03
3.841290312500000000e+05
2.294848632812500000e+01
1.132791290283203125e+02
7.972006686031818390e-03
2.217934265136718750e+02
3.218822479248046875e+00
5.039116859436035156e+00
9.545224905014038086e-01
2.981005609035491943e-01
3.083047643303871155e-02
3.657873153686523438e+01
5.119448062032461166e-03
6.605693054199218750e+01
3.438479423522949219e+00
6.270991434575989842e-06
2.960114240646362305e+00
3.122358886718750000e+03
1.528954505920410156e-02
2.301557175815105438e-02
3.496986389160156250e+01
2.767629630398005247e-04
4.737017822265625000e+01
1.227914929389953613e+00
2.749192118644714355e-01
3.815164964180439711e-04
1.660618041992187500e+03
1.018782040773658082e-05
1.419427690052543767e-06
9.478951990604400635e-02
2.842459800000000000e+07
1.949733972549438477e+00
3.901957720518112183e-02
6.577292044340765642e-10
1.948474273681640625e+02
6.816919500000000000e+06
7.874164861809695992e-12
2.864375681088660031e-10
1.080753564834594727e+00
4.537471830844879150e-01
7.671737112104892731e-03
1.480837181588867679e-05
1.020891094207763672e+01
7.399650216102600098e-01
6.120771542191505432e-02
1.145341682434082031e+01
1.174648031592369080e-01
4.899295527138747275e-05
4.412618000060319901e-03
1.152922630310058594e+01
1.183740997314453125e+01
1.247727394104003906e+01
1.572918415069580078e+01
2.165770750000000000e+06
1.138338851928710938e+01
1.089892745018005371e+00
7.319322109222412109e+00
6.164402008056640625e+00
5.097904663085937500e+02
1.204435676336288452e-01
2.826859652996063232e-01
5.949201049804687500e+02
5.458760110599314430e-10
5.345817565917968750e+01
1.031112289428710938e+01
2.781384065747261047e-02
2.563858902959736952e-09
4.912308752536773682e-01
1.823617708396341186e-06
1.867669518105685711e-03
3.592611694335937500e+01
5.519992206245660782e-03
2.217122077941894531e+01
7.409556388854980469e+00
1.242773723602294922e+01
7.166862633312121034e-05
8.206157945096492767e-03
3.305813968181610107e-01
8.502946048974990845e-02
4.266614074707031250e+02
3.178689002990722656e+01
6.574828750000000000e+05
1.307877432554960251e-02
3.182228279113769531e+01
1.521958038210868835e-02
3.288489913940429688e+01
1.690855598449707031e+01
2.309285849332809448e-02
5.252341461181640625e+01
8.108741894830018282e-05
2.870413867187500000e+04
7.819220733642578125e+01
1.881586797480849782e-07
1.031709194183349609e+00
6.768843159079551697e-04
2.754672050476074219e+00
1.509570283815264702e-04
1.522947102785110474e-02
3.119400739669799805e-01
1.086471676826477051e+00
1.369161605834960938e-01
2.621834945678710938e+01
9.106610107421875000e+01
1.221599459648132324e+00
3.429737625992856920e-05
6.094562530517578125e+01
2.174365997314453125e+00
6.495141237974166870e-02
7.375980203505605459e-06
4.578640437102876604e-05
3.692384338378906250e+01
3.534287679940462112e-04
4.311633682250976562e+01
1.008893005371093750e+03
3.949506580829620361e-01
1.172832489013671875e+01
9.291168302297592163e-03
3.089397537792137882e-08
8.997562408447265625e+00
1.780925318598747253e-02
8.314094692468643188e-02
2.716542400000000000e+07
7.013030815869569778e-03
4.310584366321563721e-01
6.677134956056818282e-10
2.632546424865722656e-01
6.728408408207542379e-08
3.709294557571411133e+00
3.419145941734313965e-04
9.803618192672729492e-01
6.902460474520921707e-03
1.300877075195312500e+02
1.300965309143066406e+01
8.559774222760552220e-09
4.676471875000000000e+04
3.801841735839843750e+00
1.081595867872238159e-01
2.474488614012670951e-09
1.335471570491790771e-01
1.058712363243103027e+00
5.774258971214294434e-01
1.671915036971505231e-11
1.541507339477539062e+01
6.458301067352294922e+00
5.350466817617416382e-02
5.262373733520507812e+01
2.534140050411224365e-01
3.423072103547752931e-10
4.127475961013260530e-08
1.239701509475708008e+00
2.980526733398437500e+01
5.052647320553660393e-04
1.266458909958600998e-02
1.112907409667968750e+01
6.210505031049251556e-03
1.767216017469763756e-03
1.059711074829101562e+01
1.843048266891855747e-06
9.371804445981979370e-02
3.181425881848554127e-06
