9.472270607948303223e-01
9.632266759872436523e-01
1.018430471420288086e+00
9.761288762092590332e-01
1.037826657295227051e+00
1.034394502639770508e+00
9.902458786964416504e-01
8.286801576614379883e-01
1.087119698524475098e+00
1.110474824905395508e+00
8.839254975318908691e-01
8.941476345062255859e-01
1.330621361732482910e+00
8.300262093544006348e-01
9.949852824211120605e-01
1.283957719802856445e+00
7.679268717765808105e-01
1.068292856216430664e+00
3.881982862949371338e-01
1.272234439849853516e+00
1.101835727691650391e+00
6.827522516250610352e-01
5.247306078672409058e-02
9.128244687905961996e-11
1.231025908055016771e-05
1.293728655582526699e-05
3.278090000152587891e+00
2.109443545341491699e-01
1.205536186285258160e-13
2.023197829069182605e-19
1.471292078495025635e-01
5.811160663142800331e-04
2.427951728556365651e-10
1.394952215130597414e-19
1.176418038539850386e-07
7.835494034225121140e-05
5.247430934218755283e-08
2.795437467284500599e-06
3.796696182689629495e-05
1.664441356297174934e-06
2.936925739049911499e-03
5.270346403121948242e-01
1.638648245716467500e-04
1.217943804476817604e-06
5.600502481684088707e-05
6.958131492137908936e-02
8.931900024414062500e+00
9.087781250000000000e+03
3.698427519793767715e-08
4.161840809328805243e-24
6.885481416247785091e-04
1.294388039241312072e-05
1.468382598672490769e-12
1.580129843065090579e-20
1.614757299423217773e+00
1.296337603234887226e-11
1.692910416295489995e-07
5.572471767663955688e-03
1.919535803608596325e-03
9.294155053794384003e-03
1.276159891858696938e-03
8.920262567698955536e-03
3.604347705841064453e-01
4.951456503476947546e-06
4.969450381095410134e-20
9.146826585038070334e-08
5.876751174582750537e-08
6.281868471583185176e-13
3.372380419364162663e-08
6.104448857513489202e-08
6.211522035300731659e-03
6.229472252510471952e-22
1.248521875822916627e-04
1.053436286747455597e-02
2.364212088286876678e-02
9.683802491053938866e-04
1.843085556174628437e-05
1.973985433578491211e-01
6.195411889195670205e-23
1.765431596688327685e-16
9.674422442913055420e-02
3.251836355744330831e-09
4.059842322021722794e-03
9.935297071933746338e-03
2.096070796251296997e-01
1.874333433806896210e-02
5.965182185173034668e-02
1.886815965690402663e-07
1.133803352713584900e-01
1.782324106898158789e-04
1.552715897560119629e+00
1.297982175300221863e-13
1.002804958261549473e-03
2.842171234078705311e-04
4.806713620880698201e-12
6.887243944220244884e-04
9.423960582353174686e-04
2.945577216451056302e-05
1.256894707679748535e+00
9.384667976064520190e-08
9.143142650326965826e-14
3.374333260580897331e-03
9.645318398143754024e-12
7.617784376634517685e-06
4.792075157165527344e-01
2.213374536950141191e-04
8.791912510519583890e-13
9.317028570876573212e-08
1.359242713078856468e-03
4.428718239068984985e-03
1.171501207863911986e-04
9.562037885189056396e-02
1.125572398304939270e-01
2.684211940504610538e-04
1.834555618529520871e-09
6.619722989853471518e-05
8.944949507713317871e-02
5.226550698280334473e-01
1.605135912541300058e-04
4.352932870388031006e-01
9.880601282930001616e-05
9.739022254943847656e-01
5.882324650883674622e-03
6.300761742750182748e-05
1.896835601655766368e-04
4.055180847644805908e-01
1.060467865318059921e-02
3.732937574386596680e-02
1.170110772363841534e-04
1.091773748397827148e+00
8.152187365340068936e-05
7.982206880114972591e-04
4.924607276916503906e-02
9.345276197336715995e-08
4.857655949308536947e-05
1.275604367256164551e-01
2.255685813724994659e-02
1.915658140205778182e-05
1.066567506313731428e-06
5.083388648927211761e-03
7.503425791810514056e-08
2.289406489580869675e-03
1.627703459234908223e-04
1.566493301652371883e-04
1.814612299203872681e-01
4.078081692568957806e-04
3.321031481027603149e-02
1.810614913702011108e-01
8.246684670448303223e-01
1.243038277607411146e-04
2.155724214389920235e-03
8.592953085899353027e-01
1.343794260174036026e-02
3.609575510025024414e+00
2.241201446651075457e-09
1.076559126377105713e-01
7.868029206292703748e-05
1.260393958091299282e-07
8.418210200034081936e-04
1.129885077476501465e+00
