9.477004408836364746e-01
1.038872838020324707e+00
9.161424040794372559e-01
8.637574315071105957e-01
1.338813662528991699e+00
1.092705607414245605e+00
1.066904783248901367e+00
9.295703768730163574e-01
7.313729524612426758e-01
9.469894170761108398e-01
9.621144533157348633e-01
1.484786748886108398e+00
9.522739648818969727e-01
7.376682758331298828e-01
1.116769075393676758e+00
1.085066795349121094e+00
1.212348937988281250e+00
1.050121188163757324e+00
7.792521119117736816e-01
1.171746850013732910e+00
8.703973293304443359e-01
4.727663397789001465e-01
1.192909504124672033e-17
1.178855891339480877e-04
2.216417370817791443e-12
7.495079636573791504e-01
1.689422362005643663e-07
2.271802368341013789e-04
6.828506116107746493e-07
2.586964001238811761e-05
7.979443386423035189e-15
7.144083724597294349e-08
5.589124280959367752e-03
2.690239715576171875e+01
3.723504161268496914e-16
2.910590440367178216e-26
2.857832796871662140e-02
3.511440753936767578e-01
5.942298519565070158e-13
9.107722707007238349e-29
2.871198230423033237e-04
1.053365039285978220e-29
2.025196772592607886e-05
1.430247444659471512e-03
4.195448101969087847e-27
2.363288453821610346e-10
1.999683751918723829e-11
2.167577028274536133e+00
9.115386092162225395e-06
5.231516479398123920e-05
8.495939255226403475e-06
2.623017668493471503e-26
3.225949476473033428e-04
3.210444846691372150e-40
5.042012004487124303e-41
4.574229024001397192e-05
4.304295386613340648e-20
6.915237918292405084e-06
4.138950826872459753e-24
3.121705503872362897e-06
3.463941439986228943e-02
1.501462975284084678e-06
1.227948171768897616e-18
2.356334918851565874e-11
7.951231282277149148e-07
2.199277840554714203e-02
1.113382722216211098e-16
8.862669170599246637e-13
2.161780199294582872e-10
3.174437779307481833e-08
7.055436981318052858e-06
5.157156661152839661e-02
3.542495602720417084e-16
7.692805546137299658e-21
4.930657482304923178e-08
1.196044083225320585e-24
3.279810104062086396e-11
1.528711557388305664e+00
1.647696197032928467e-01
2.666283990038209595e-06
9.832931756973266602e-01
2.856015041470527649e-02
1.018335809931159019e-03
8.112735372378665488e-07
1.057841535657644272e-02
1.997246679687500000e+04
4.238698747940361500e-04
1.630421797571557363e-09
1.342028036316718301e-19
2.104524554624731536e-09
9.560785256326198578e-04
1.580294042968750000e+04
1.817022052819083910e-07
2.749391272664070129e-02
1.904420852661132812e-01
6.835316889919340611e-05
4.485943540930747986e-02
9.833275107666850090e-04
7.698689005337655544e-04
1.714986376464366913e-02
5.338656483218073845e-04
8.033005542529281229e-06
1.780041669618981359e-10
3.855120667139999568e-07
6.090310052968561649e-04
6.619267356455793561e-10
3.475089573740097748e-12
1.962961396202445030e-03
6.560688838362693787e-03
1.041536812351750996e-08
1.658063575327162198e-09
1.029771712346416734e-09
4.461329877376556396e-01
1.864808609752799384e-07
1.101520135998725891e-01
4.505024990066885948e-04
4.820071917492896318e-04
7.476214319467544556e-03
2.168455802222554567e-15
9.794050129130482674e-04
8.392878770828247070e-01
5.805128574371337891e+00
7.278788089752197266e-02
4.026998112749424763e-08
2.530093188397586346e-04
3.559796901697609428e-09
1.964062248589470983e-04
7.158476393669843674e-03
4.079414139823711594e-09
1.858419971540570259e-03
3.737354127224534750e-04
2.696591615676879883e-01
1.781962843949713715e-08
3.113429514201015991e-08
1.736453214107314125e-06
1.227067259605973959e-04
8.258935928344726562e+00
8.171970257535576820e-04
5.623429298400878906e+00
6.826952449046075344e-05
1.709344685077667236e-01
4.171978309750556946e-02
7.452423952072548809e-21
2.275966573506593704e-03
7.433880767904188502e-12
1.805088800210796762e-06
1.844127837102860212e-04
1.207241621159482747e-05
1.765936613082885742e-03
4.134409792300175468e-08
3.271934758686256828e-07
5.046017492738030796e-10
2.397400513291358948e-02
1.115266699343919754e-03
1.192327705211937428e-03
2.447263717651367188e+00
1.250350475311279297e-02
2.757238224148750305e-03
1.706785364761044879e-15
1.450768709182739258e+00
3.073158495681127533e-06
1.892264117486774921e-03
4.946983622744483000e-08
7.605183782288804650e-05
3.206184876782241372e-16
4.605944827198982239e-02
5.146450828760862350e-03
1.318625509738922119e-01
9.235756471753120422e-03
1.958051580004394054e-04
1.218815803527832031e+01
1.194155216217041016e+00
2.105119451880455017e-02
6.872202595398571590e-14
2.794524889271343682e-10
2.622333049774169922e+00
6.191285817358505028e-10
7.004749477346194908e-06
1.811183166503906250e+01
2.465803663653787225e-05
1.083827137947082520e+00
2.784903087828184860e-15
1.167496549896895885e-03
2.922940533608198166e-03
4.965452760075095284e-08
7.791464924812316895e-01
2.034778590314090252e-04
5.821671678063466970e-08
5.315019535601095413e-10
2.089961664751172066e-03
5.054380062746786743e-16
8.487948434776626527e-06
1.497854143381118774e-01
3.211166616358222814e-14
6.082008496832713718e-08
1.371177745568274986e-06
1.252484507858753204e-02
6.089839007472619414e-05
8.073018863797187805e-03
2.949642657767981291e-04
1.315227343750000000e+05
4.222331542968750000e+03
1.388619042968750000e+04
5.107010900974273682e-02
5.225159525871276855e-01
2.611258300781250000e+03
8.702586000000000000e+06
5.583458251953125000e+02
2.380953550338745117e+00
6.935032226562500000e+03
5.569208621978759766e+00
1.438056182861328125e+02
1.246125507354736328e+01
9.486333007812500000e+02
8.643477600000000000e+07
7.630783669862400000e+13
1.296907138824462891e+01
1.204174041748046875e+00
1.672071218490600586e+00
5.829665660858154297e-01
1.416063616000000000e+09
2.973725622272000000e+12
1.200810928344726562e+02
3.387728214263916016e+00
3.988833566720000000e+11
2.189342379570007324e-01
6.617207039590400000e+13
2.959058189392089844e+01
1.837027817964553833e-01
6.701637744903564453e+00
6.901444792747497559e-01
2.237742500000000000e+05
3.372216796875000000e+03
5.633392810821533203e+00
3.502716422080993652e-01
1.602943038940429688e+01
1.086307907104492188e+01
5.550635147094726562e+01
1.015798272000000000e+09
1.179982421875000000e+03
6.670342407226562500e+02
1.024267482757568359e+01
1.192627200000000000e+09
3.607894140625000000e+04
1.126103360000000000e+08
2.288916800000000000e+08
2.118126630783081055e+00
6.118173122406005859e+00
2.016219139099121094e+00
2.406709432601928711e+00
4.427574872970581055e-01
6.583164550781250000e+03
1.542256176471710205e-01
4.347701644897460938e+01
2.836981964111328125e+01
3.554181575775146484e+00
8.037118530273437500e+02
1.053531341552734375e+02
3.683160990476608276e-03
4.431797363281250000e+03
1.651285775005817413e-02
2.896061235200000000e+10
8.077863680000000000e+08
2.550969645380973816e-02
5.483852500000000000e+05
1.077467871093750000e+04
2.514469623565673828e+00
7.661481499671936035e-01
1.364671872000000000e+09
1.119678906250000000e+04
2.529272735118865967e-01
9.188299179077148438e-01
7.553671002388000488e-01
2.215669155120849609e-01
1.827286132812500000e+03
7.496904805172065075e+19
1.126179099082946777e-02
2.495979139891200000e+14
8.197588089705500640e+28
8.076819540292490274e-06
1.041629125000000000e+06
6.484714355468750000e+02
1.251403141021728516e+01
1.949947092683146366e-09
1.316669616699218750e+02
7.977756857872009277e-01
4.619472747435793281e-05
1.784913778305053711e+00
1.335747909545898438e+01
3.876167237758636475e-01
6.139106750488281250e-01
1.266622394323348999e-01
4.695484936237335205e-01
8.626311302185058594e+00
2.992106291200000000e+10
9.809356689453125000e+00
3.061545372009277344e+01
2.297333441674709320e-03
1.540704965591430664e-01
3.080213665962219238e-01
4.196184128522872925e-02
2.984340429306030273e+00
2.425901412963867188e+00
1.335569471120834351e-02
1.170525634765625000e+03
2.298590540885925293e-01
2.080333500000000000e+06
2.288185954093933105e-01
5.786315441131591797e+00
1.168241262435913086e+00
1.945020399616000000e+13
4.015228626613181788e+26
9.613581440000000000e+08
1.969430912000000000e+09
3.335840627551078796e-02
2.070746123790740967e-01
6.187150999903678894e-02
4.820696640000000000e+08
4.695577081292867661e-05
2.225081054687500000e+03
1.125333160161972046e-01
3.463710937500000000e+02
7.031056880950927734e-01
8.866059375000000000e+04
9.701433181762695312e-01
7.162794936448335648e-03
2.100293932016938925e-04
5.682392511516809464e-03
5.132571115520000000e+11
7.785423651943219200e+16
2.326591014862060547e+00
2.732153534889221191e-01
1.643149182200431824e-02
1.668139892578125000e+03
4.378151893615722656e-01
1.427326917648315430e+00
9.811349609375000000e+03
1.881198120117187500e+01
1.401580811943858862e-04
1.098175644874572754e-01
9.627473950386047363e-01
9.956251084804534912e-02
3.558342812500000000e+05
1.718583360000000000e+08
3.419836425781250000e+01
4.847619566135108471e-04
5.745491385459899902e-01
8.729879379272460938e+00
1.909391395747661591e-02
1.448934199288487434e-03
6.900577545166015625e-01
1.632305156817892566e-06
1.113370262175331448e+23
6.601532804779708385e-04
3.306470870971679688e+00
5.505334120243787766e-03
7.135515136000000000e+09
1.996514099200000000e+10
1.051637363433837891e+01
3.046206474304199219e+01
3.178757197019876912e-06
2.364746809005737305e+00
9.719359688460826874e-03
6.359474000000000000e+06
7.074003224261105061e-04
3.043000625000000000e+05
8.526657707989215851e-03
2.269427795410156250e+02
2.087337140735180800e+16
1.301671875000000000e+03
2.485371200000000000e+08
2.927940487861633301e-01
2.490339130163192749e-01
4.558046739490521743e+21
1.021087140133621203e+21
5.975677924802560000e+14
4.565742492675781250e+00
2.314798736572265625e+01
5.320870208740234375e+01
2.139242649078369141e+00
9.601727128028869629e-01
2.110998344421386719e+01
1.941188671875000000e+04
8.049854040145874023e-01
4.838713671875000000e+04
2.337146759033203125e+01
5.245777964591979980e-01
4.560916721820831299e-01
2.329260009765625000e+03
4.448078572750091553e-01
3.960195726904203184e-08
2.100252231684862636e-06
1.847386546432971954e-02
9.564130008220672607e-02
2.339695453643798828e+00
1.000995712280273438e+02
3.839310000000000000e+05
2.553033828735351562e-01
6.756584644317626953e-01
1.822257228195667267e-02
2.947245084214955568e-04
1.105644798278808594e+01
1.828998392738867551e-06
7.281316816806793213e-02
1.423233795166015625e+01
8.699403125000000000e+04
2.775160312500000000e+05
6.745282560000000000e+08
1.043716915200000000e+10
1.345306701660156250e+02
1.925377368927001953e+00
1.111482024192810059e+00
1.548074364662170410e+00
2.636265009641647339e-02
7.985822143554687500e+02
8.698744201660156250e+01
1.639221964800000000e+10
9.433582454221323133e-05
1.332582187652587891e+01
4.976159543730318546e-04
1.525040566921234131e-01
1.302221298217773438e+00
2.655379474163055420e-03
2.003922080993652344e+01
1.671331934630870819e-03
2.500068359375000000e+03
1.246070098876953125e+01
5.725104212760925293e-01
4.005566192025600000e+13
5.324314509312000000e+12
2.233219593763351440e-01
2.143680900335311890e-01
1.531354635953903198e-01
3.004537224769592285e-01
2.211856544017791748e-01
8.351851000000000000e+06
7.995024589035892859e-07
2.825358629226684570e+00
1.285863341763615608e-03
8.541718482971191406e+00
5.930635452270507812e+01
2.152383200000000000e+08
3.913356000000000000e+06
1.131568241119384766e+01
1.981013417243957520e+00
2.405166931152343750e+02
3.607398080000000000e+08
4.206927716732025146e-01
2.571272888183593750e+02
9.197265505790710449e-01
7.884222577558830380e-05
3.755778884887695312e+01
1.290036559104919434e+00
1.461737323552370071e-03
6.733277346938848495e-03
4.856202734375000000e+04
1.023795776367187500e+03
4.910581054687500000e+02
1.567336273193359375e+02
2.295595556497573853e-01
6.752270557380608000e+16
1.949802623130381107e-03
1.524974778294563293e-02
2.246722030639648438e+01
1.893605589866638184e-01
1.246787374839186668e-03
3.051077539062500000e+04
8.493232727050781250e+00
1.704364061355590820e+00
5.041238665580749512e-01
1.478383779525756836e+00
1.022075936198234558e-01
5.084025487303733826e-02
1.456760620117187500e+03
4.154736042022705078e+00
1.931777223944664001e-03
2.132405700683593750e+02
1.613636322021484375e+02
3.218916710466146469e-03
2.098504000000000000e+07
1.076344609260559082e+00
1.248159885406494141e+00
3.788366592000000000e+09
3.282959014177322388e-02
2.579394458734896034e-05
4.229640122503042221e-03
8.069193363189697266e-02
2.996449172496795654e-01
1.014557003974914551e+00
8.522059069946408272e-04
4.842115783691406250e+02
1.437404472380876541e-02
4.120333588208957565e-11
2.301665721461176872e-03
1.106326952576637268e-01
6.630468845367431641e+00
3.064864687621593475e-02
3.713413327932357788e-02
2.369552478194236755e-02
2.677627280354499817e-02
1.771781444549560547e+00
4.071951875000000000e+05
4.021163402256888730e-10
3.697166219353675842e-02
1.123891235351562500e+03
5.036601867675781250e+02
5.024899169802665710e-02
3.416835367679595947e-01
2.211306989192962646e-01
3.267329593654721975e-04
4.751218795776367188e+01
8.454577192960000000e+11
1.493399888277053833e-01
2.684194641113281250e+02
6.037845458984375000e+02
4.678847290051635355e-06
5.183804199218750000e+03
3.209091491699218750e+02
2.226372558593750000e+03
1.116869049072265625e+02
5.951488500000000000e+06
1.841049600000000000e+11
1.067873887846400000e+13
7.919474218750000000e+04
6.694539333693683147e-04
2.013222217559814453e+00
3.986842930316925049e-02
2.310785930603742599e-03
1.636739671230316162e-01
1.942907869815826416e-01
1.022454089427515006e+31
8.293707668781280518e-02
4.638645172119140625e+00
1.225578069686889648e+00
9.252068996429443359e-01
5.174607213120907545e-05
3.239835351562500000e+04
1.885276361690557678e-07
6.998929977416992188e-01
6.221708655357360840e-01
7.211496829986572266e-01
1.258772583007812500e+03
2.992111921310424805e+00
8.065595703125000000e+03
2.571819250000000000e+06
2.022116817533969879e-02
6.326420783996582031e+00
3.246278762817382812e+01
3.241708993911743164e+00
3.165255784988403320e-01
3.181571006774902344e+01
2.097949600000000000e+07
5.352184772491455078e-01
1.275874511718750000e+04
9.068817831575870514e-03
4.060970240000000000e+08
1.745318603515625000e+01
1.889689713716506958e-01
4.145873069763183594e+00
5.341939302400000000e+10
1.051471568644046783e-02
3.196593261718750000e+03
1.570763252675533295e-02
9.160394287109375000e+02
7.982158660888671875e+00
6.846915464848279953e-03
1.337360961914062500e+03
9.965595006942749023e-01
7.222306728363037109e-01
2.770314788818359375e+01
1.784914703369140625e+02
5.357316113077104092e-04
5.884684085845947266e+00
2.227241134643554688e+01
6.052801495570747647e-07
4.204935073852539062e+00
1.523598535156250000e+04
2.550130271911621094e+01
2.124175750000000000e+06
3.159846305847167969e+00
3.292125184088945389e-04
1.517984130859375000e+03
8.004034310579299927e-02
1.719903945922851562e-02
7.757011413574218750e+00
3.163585811853408813e-02
2.311407617187500000e+04
3.866953030228614807e-02
2.245026407763361931e-03
1.089901779778301716e-04
5.504878354258835316e-04
1.073272323608398438e+02
4.558163583278656006e-01
6.745785713195800781e+00
1.163941860198974609e+01
6.498249530792236328e+00
1.759772656250000000e+05
9.812891006469726562e+00
2.028846025466918945e+00
2.006243041992187500e+03
9.921506508800000000e+10
1.670433208346366882e-02
1.300813446044921875e+02
5.257779693603515625e+01
3.686651904000000000e+10
1.225205976516008377e-02
9.870200753211975098e-01
1.081880107522010803e-01
1.110106483101844788e-01
9.708107709884643555e-01
7.441634312272071838e-03
1.105270462036132812e+02
1.990945544093847275e-03
3.118485689163208008e+00
1.012553024291992188e+01
4.168821250000000000e+05
2.246215820312500000e+03
4.436867713928222656e+00
6.295146942138671875e-01
3.937261120000000000e+08
1.636868095397949219e+01
9.708516800000000000e+07
1.090635210275650024e-01
4.871013015508651733e-02
7.729781970056137652e-08
8.418721679687500000e+03
3.850027453154325485e-03
2.082280348986387253e-03
8.605543524026870728e-03
1.306401729583740234e+00
2.748934936523437500e+01
1.939773046875000000e+04
4.700509262084960938e+01
1.781548722647130489e-03
7.932990789413452148e-03
2.620257186889648438e+01
8.380391120910644531e+00
3.223678469657897949e-01
5.698166784000000000e+09
1.359865474700927734e+01
1.048289418220520020e+00
2.301267547607421875e+02
5.484019088745117188e+01
3.431707387790083885e-03
1.852536375000000000e+06
3.761291964110569097e-06
4.758618026971817017e-02
2.325509687500000000e+05
2.311243772506713867e+00
7.261877763085067272e-04
2.374430097408000000e+12
4.206727317068725824e-04
5.613807128906250000e+03
9.247530102729797363e-01
1.668576250000000000e+05
5.590491771697998047e+00
8.591129630804061890e-02
3.473355531692504883e+00
5.824060440063476562e+00
2.339267539978027344e+01
4.273248672485351562e+00
6.461355209350585938e+00
2.530514902900904417e-04
5.487850500000000000e+06
3.516371943987905979e-04
1.396690905094146729e-01
4.313888894103001803e-06
1.001109958820300960e-10
3.966429736465215683e-03
1.441608524322509766e+01
1.566878557205200195e-01
1.126870989799499512e+00
4.823066890239715576e-01
5.664127320051193237e-02
1.305465221405029297e+01
5.017324350774288177e-03
2.787008183076977730e-03
6.262154102325439453e+00
4.998462274670600891e-03
1.369674560546875000e+03
4.571195678710937500e+02
2.989822626113891602e+00
7.933243750812835060e-07
4.326523437500000000e+04
2.382979492187500000e+03
4.125409317016601562e+01
1.236649602651596069e-01
3.373079589843750000e+03
9.229560089111328125e+01
8.554098010063171387e-02
5.776195312500000000e+04
1.767457842826843262e+00
3.538925933837890625e+01
5.815056618303060532e-03
1.026295794872567058e-04
4.372221440000000000e+08
2.616588317323476076e-04
1.338507270812988281e+01
9.048604369163513184e-01
1.448469847673550248e-04
2.045316457748413086e+00
5.412609100341796875e+00
7.672624588012695312e-01
1.517922133207321167e-01
6.321162581443786621e-01
2.296623773872852325e-02
7.326205444335937500e+01
1.150258779525756836e+00
8.340585327148437500e+02
7.470871787518262863e-04
2.038181304931640625e+01
1.355903893709182739e-01
3.551226481795310974e-02
1.601913869380950928e-01
8.755467832088470459e-03
1.365810852050781250e+02
8.412066459655761719e+00
3.932635879516601562e+01
3.197588476562500000e+04
3.581617355346679688e+00
6.819621093750000000e+03
1.926061064004898071e-01
9.880025863647460938e+00
5.909374237060546875e+00
1.014144480000000000e+08
5.626078322529792786e-02
9.581698437500000000e+04
1.918569200000000000e+07
2.572718200683593750e+02
1.029406070709228516e+01
7.222311401367187500e+01
1.563132166862487793e+00
8.406667480468750000e+02
1.917267712000000000e+09
6.468200444942340255e-05
2.652513086795806885e-01
2.715372480452060699e-03
2.926146484375000000e+03
2.360270917415618896e-01
8.377255859375000000e+02
1.198903471231460571e-02
4.281052112579345703e+00
7.095896005630493164e-01
4.839540481567382812e+01
1.619156036376953125e+02
8.714682422578334808e-03
5.509449218750000000e+04
4.654351472854614258e-01
3.459732500000000000e+06
1.777344131469726562e+01
2.493436279296875000e+03
3.133055940270423889e-02
1.595093400000000000e+07
1.256896514892578125e+02
7.383049000054597855e-03
2.298306673765182495e-02
1.488534547388553619e-02
1.717575360089540482e-04
1.317711472511291504e-01
1.879677746785546333e-08
4.590309690684080124e-03
4.971035033600000000e+10
1.204438827008000000e+12
1.941598176956176758e+00
5.259876728057861328e+00
1.787987798452377319e-01
9.676922345533967018e-04
8.377445376000000000e+09
2.534532012939453125e+02
2.306242240592837334e-04
5.910056829452514648e-01
5.703580379486083984e-02
4.533675014972686768e-01
3.600441414164379239e-05
4.651930236816406250e+01
6.291831493377685547e+00
6.779491424560546875e+01
7.994161248207092285e-01
6.434346549212932587e-03
7.146684311010176316e-08
2.356635965406894684e-02
7.384429454803466797e+00
6.805277615785598755e-02
2.998556753920000000e+11
4.552205427899025381e-05
5.174357071518898010e-02
1.782853389158844948e-03
2.116646828653756529e-05
3.407301940917968750e+02
3.140429496765136719e+00
1.227967888116836548e-01
7.629867468494921923e-05
1.227367948740720749e-02
2.424532175064086914e+00
1.685499877929687500e+02
1.251793128176359460e-05
2.068248344585299492e-03
2.003466033935546875e+02
8.266508000000000000e+07
7.370337500000000000e+05
8.879202418029308319e-03
1.515932526672258973e-04
1.504788757301867008e-03
1.671762578189373016e-02
4.196523129940032959e-01
4.005570068359375000e+02
3.261218965053558350e-01
1.858244463801383972e-02
1.439408063888549805e-01
5.082620191387832165e-06
3.286055803298950195e+00
3.910452651977539062e+01
2.398268359375000000e+04
9.906039428710937500e+02
8.528226986527442932e-03
1.526851415634155273e+00
2.676546573638916016e-01
1.187219875000000000e+06
6.836834363639354706e-04
5.656654834747314453e-01
3.395178646314889193e-05
9.518032893538475037e-04
3.352776169776916504e-01
1.188663077300589066e-06
2.547358274459838867e-01
4.508708119392395020e-01
1.649616241455078125e+00
5.938650295138359070e-02
3.650151062011718750e+01
2.706468343734741211e+00
6.851924133300781250e+01
1.451161652803421021e-01
8.763340275663722423e-09
6.994977951049804688e+00
8.673991203308105469e+00
4.159244243055582047e-03
2.803565597534179688e+01
1.839543620008043945e-05
2.208515070378780365e-03
1.140421748161315918e+00
9.091988801956176758e-01
4.939797520637512207e-01
2.224727720022201538e-02
7.021490097045898438e+00
5.678255558013916016e-01
7.344443359375000000e+02
3.251169280000000000e+08
3.567448854446411133e+00
3.796127319335937500e+01
2.371542215347290039e+00
9.036088125000000000e+05
1.243066973984241486e-02
3.848411200000000000e+07
3.140887618064880371e-02
1.547737002372741699e+00
6.386280536651611328e+00
2.739162743091583252e-01
9.111606050282716751e-05
2.172311246395111084e-01
4.409985709941111054e-09
1.441825151443481445e+00
8.679603342898190022e-05
6.920713931322097778e-02
4.144324439181445996e-09
1.532576382160186768e-01
2.153565597534179688e+01
5.126377344131469727e-01
1.114758430048823357e-03
7.472386211156845093e-02
6.781378048000000000e+09
5.824652616865932941e-04
1.243607375000000000e+06
3.278006911277770996e-01
2.616772343750000000e+05
1.537670195102691650e-01
4.721049666404724121e-01
1.940122433006763458e-02
5.364772732718847692e-05
3.326096343994140625e+01
2.810893554687500000e+03
3.324423742014914751e-04
1.228081382578238845e-04
1.550755696371197701e-04
8.409217931330204010e-03
1.407762169837951660e-01
1.757832430303096771e-02
1.005891084671020508e+00
6.381920000000000000e+06
2.179045438766479492e+00
2.752864174544811249e-02
3.137071907985955477e-04
5.200681686401367188e-01
1.505790930241346359e-02
2.163336612284183502e-03
1.001700907945632935e-01
4.862469196319580078e+00
3.154942691326141357e-01
1.220378518104553223e+00
2.060538975001691142e-07
2.273476600000000000e+07
3.787485184147953987e-03
2.693248939514160156e+01
9.231500029563903809e-01
6.574412584304809570e-01
1.374737977981567383e+00
3.334200859069824219e+00
8.882319335937500000e+02
2.000612439587712288e-04
7.175476074218750000e+02
9.785120375454425812e-03
2.647145937500000000e+05
8.322319984436035156e+00
6.454558968544006348e-01
7.867500931024551392e-02
1.912233605980873108e-02
7.441907189786434174e-03
1.327777185792000000e+12
1.919919066131114960e-02
1.659307599766179919e-04
1.192411041259765625e+01
1.007716357707977295e-02
4.359259033203125000e+01
7.829096168279647827e-02
5.355770880000000000e+09
6.787564158439636230e-01
4.036315977573394775e-01
7.272925567626953125e+01
1.434907989501953125e+02
3.730740356445312500e+01
7.236488819122314453e+00
2.222778275609016418e-02
7.900685071945190430e-01
5.268271197564899921e-04
5.100181698799133301e-02
1.776663208007812500e+03
2.297551345825195312e+01
3.213080167770385742e+00
1.940741436555981636e-03
7.921491487650200725e-06
2.220099093392491341e-03
2.535813331604003906e+00
4.850721597904339433e-05
2.662612304687500000e+02
8.256603479385375977e-01
9.450481156818568707e-04
2.915956247306894511e-05
2.819287590682506561e-02
2.956416845321655273e+00
1.400515747070312500e+01
1.290830969810485840e-01
6.212452888488769531e+00
4.159204980425101894e-09
6.810198730468750000e+03
1.508654505014419556e-01
1.874750703573226929e-01
5.190973877906799316e-01
5.237125976562500000e+03
1.322043361142277718e-03
4.360840148925781250e+02
1.952807426452636719e+01
7.149088382720947266e-02
6.105311456394701963e-08
2.706576108932495117e+00
4.033830261230468750e+01
1.050447363281250000e+04
6.050300002098083496e-01
2.882071289062500000e+04
3.261695480346679688e+01
1.365638375282287598e-01
1.521269559860229492e+00
5.864028930664062500e+02
2.213990910604479723e-06
3.657628258224576712e-04
2.510963215129891069e-09
1.152958814054727554e-02
5.262694230623310432e-06
2.331812381744384766e-01
2.231539972126483917e-02
7.618564646691083908e-03
3.933135271072387695e-01
2.471793365478515625e+01
6.940796661376953125e+01
8.835366964340209961e-01
2.171180240111425519e-04
1.947944983839988708e-02
4.380124155431985855e-04
4.278265991210937500e+02
1.872560387710109353e-04
4.160733893513679504e-02
1.496687182225286961e-04
6.344553548842668533e-03
2.843224501702934504e-04
1.890867250040173531e-03
2.699615001678466797e+00
3.407833576202392578e-01
2.803289031982421875e+01
1.429680734872817993e-01
5.846956372261047363e-01
1.278957605361938477e+00
9.504640474915504456e-04
2.001528292894363403e-01
8.785414509475231171e-03
1.463959813117980957e+00
1.313131506321951747e-04
2.003794067382812500e+03
1.145157590508460999e-02
1.074980445991968736e-06
2.473285980224609375e+02
8.468134328722953796e-04
6.888356933593750000e+02
4.460760056972503662e-01
3.896584361791610718e-02
5.682403570972383022e-04
2.253324964840430766e-06
5.390368700027465820e-01
1.515303574706194922e-05
6.324335575103759766e+00
2.280727624893188477e+00
1.236014068126678467e-01
2.893566306738648564e-05
1.719304275512695312e+01
9.237257957458496094e+00
6.190636634826660156e+00
2.061256599426269531e+01
1.518294308334589005e-02
1.537214756011962891e+01
9.758785247802734375e+00
3.386267274618148804e-02
3.235274925827980042e-04
3.010271728515625000e+03
4.790763854980468750e-01
3.348863392602652311e-04
2.435825824737548828e+00
8.435343625023961067e-04
8.795606994628906250e+01
1.560228765010833740e-01
8.194937705993652344e+00
3.110473416745662689e-02
3.542556241154670715e-02
2.826724529266357422e+00
4.753107452392578125e+01
4.557040631771087646e-01
1.060081953125000000e+05
2.412309731880668551e-05
3.501444250000000000e+06
2.156249046325683594e+00
9.895178794860839844e+00
1.572563375000000000e+06
6.420040130615234375e-02
1.498932688264176250e-04
5.213119062500000000e+05
9.092400781810283661e-03
1.840728941715497058e-06
3.241895174141973257e-04
1.092796474695205688e-01
9.859688878059387207e-01
9.783347249031066895e-01
3.330566024780273438e+01
2.086170762777328491e-01
3.838636039290577173e-04
6.267025565165340595e-09
5.138700726092793047e-05
3.567640304565429688e+01
2.216886423411779106e-05
1.738485097885131836e-01
8.280271911621093750e+01
4.378584853839129210e-04
3.241983413696289062e+01
6.841438293457031250e+00
3.856577873229980469e-01
4.758396972656250000e+03
1.617151451110839844e+01
5.154042053222656250e+01
2.678455810546875000e+02
8.930486250000000000e+05
1.415351871401071548e-03
3.817549347877502441e-02
2.975584745407104492e+00
1.354290156250000000e+05
2.056399360000000000e+08
2.500062286853790283e-01
4.490872527185274521e-07
1.793748736381530762e-01
2.703838157653808594e+01
4.232370853424072266e+00
3.131210338324308395e-03
2.580817043781280518e-02
2.262435625000000000e+05
1.558301025390625000e+03
1.213295841217041016e+01
1.888153320312500000e+03
8.778490126132965088e-03
2.870889008045196533e-02
2.742985145687271142e-07
1.839513060986064374e-06
3.000890380859375000e+03
3.679423360154032707e-03
1.528237700462341309e+00
1.478096389770507812e+01
1.151478663086891174e-01
6.403590393066406250e+01
2.575561523437500000e+00
1.051920233294367790e-03
9.065842628479003906e-02
1.041515357792377472e-02
9.390877266923780553e-07
4.716503899544477463e-04
1.175515279173851013e-01
2.614091157913208008e+00
2.963091750000000000e+06
2.297185363769531250e+02
3.277535736560821533e-02
1.307527661323547363e+00
9.838127531111240387e-03
1.301245666773809262e-09
5.128019620315171778e-05
3.648345703125000000e+04
3.787312016356736422e-04
1.921692164614796638e-03
3.728502273559570312e+01
1.764212890625000000e+04
3.099827154073864222e-04
3.513273596763610840e-01
1.510606845840811729e-03
6.299663255049381405e-06
8.180201053619384766e-02
2.581896446645259857e-02
2.548025362193584442e-02
1.317142968750000000e+04
2.989809036254882812e+00
2.348179230466485023e-03
2.203993415832519531e+01
7.167043513618409634e-04
4.527407586574554443e-01
8.334611892700195312e+00
1.850956796909741670e+19
3.158472442626953125e+01
2.238598426629323512e-05
3.174630250000000000e+06
2.798071861267089844e+01
3.240625381469726562e+00
4.471004528640000000e+11
4.147517494857311249e-03
1.080864015966653824e-02
2.489626058377325535e-04
2.166593750000000000e+03
7.127631397452205420e-05
1.586286089150235057e-05
3.499330580234527588e-02
6.541061401367187500e-02
9.300816406250000000e+03
8.507007441949099302e-05
6.415820121765136719e+00
1.665350981056690216e-02
4.626779991667717695e-05
1.100848510742187500e+03
5.845719715580344200e-05
9.066845450433902442e-06
1.284989118576049805e+00
2.474514985806308687e-06
1.420547960151452571e-06
5.020630851504392922e-05
1.869617080688476562e+01
3.920850417671317700e-07
4.322245597839355469e+00
2.711247361730784178e-04
1.553463982418179512e-03
1.842858269810676575e-02
6.556053161621093750e+01
1.842157343750000000e+05
4.923003143630921841e-04
2.174705266952514648e+00
3.015942001342773438e+01
4.745581373572349548e-02
9.061877429485321045e-02
1.497312039136886597e-01
5.794821777343750000e+02
4.345407360233366489e-04
5.337334587238729000e-04
2.193835830688476562e+01
9.444691386306658387e-05
1.119905635714530945e-01
2.207069091796875000e+03
3.376824188232421875e+01
1.482575498812366277e-05
5.417251493781805038e-03
1.586003662109375000e+03
4.748889710754156113e-03
1.604698598384857178e-03
3.363397717475891113e-01
4.834648570977151394e-04
4.112472015549428761e-05
5.556297302246093750e-01
1.833327859640121460e-02
9.092015838623046875e+01
4.241224385581610079e-11
9.308852895628660917e-06
4.711633955594152212e-04
5.360768318176269531e+00
3.935080952942371368e-03
8.213904380798339844e+00
2.031352072954177856e-01
4.655747674405574799e-03
2.487408637534826994e-04
2.314295172691345215e-01
8.525237404910512851e-09
8.581430315971374512e-01
6.727906465530395508e-01
2.508389949798583984e+00
6.218528151512145996e-01
2.022239787038415670e-04
2.425358500000000000e+06
2.051108154296875000e+03
3.683406114578247070e-02
9.094555571209639311e-05
5.338914315888248771e+25
3.092645556534989737e-06
6.290908813476562500e+00
7.578396616736426950e-05
1.013044602586887777e-04
4.153420160000000000e+08
9.908787161111831665e-02
2.456297166645526886e-02
1.117930263280868530e-01
2.421224853515625000e+03
2.307728398591279984e-03
1.109072193503379822e-02
1.657718164062500000e+04
6.992558017373085022e-03
6.269155442714691162e-02
1.075225509703159332e-02
1.377364999832764170e-09
8.084717559814453125e+01
1.842607744038105011e-03
2.690161437988281250e+02
3.022254638671875000e+03
4.178062080000000000e+08
3.987348079681396484e-01
3.445498272776603699e-02
1.483836793340742588e-03
1.171828992664813995e-02
5.564255843637511134e-05
2.226057229563593864e-03
2.259678602218627930e+00
1.699737831950187683e-02
2.198822330683469772e-03
1.667724967002868652e+00
3.521253204345703125e+01
6.369497627019882202e-02
2.876176513671875000e+03
2.181177437305450439e-01
1.497656445312500000e+04
1.351056993007659912e-01
1.538741588592529297e+01
8.340784072875976562e+00
4.184499382972717285e-01
1.940212402343750000e+02
2.988851047120988369e-04
3.304564952850341797e+00
2.237871102988719940e-02
4.034992065429687500e+02
2.353616757318377495e-03
7.993141480255872011e-05
1.460226535797119141e+01
1.189899398013949394e-03
4.849502086639404297e+00
2.320119529031217098e-04
2.737344932556152344e+01
5.225704062500000000e+05
1.632016384974122047e-03
2.335385233163833618e-02
1.923901322697929572e-07
2.290685806656256318e-04
1.469932794570922852e+00
4.997914284467697144e-02
7.622224273973188247e-08
9.519147500000000000e+05
3.521583862304687500e+02
1.498613413423299789e-02
2.665273845195770264e-01
9.891214966773986816e-02
1.471710014343261719e+01
2.671228321560192853e-05
1.251459703780710697e-03
3.996728515625000000e+03
1.997085660696029663e-01
1.228372275363653898e-04
5.885891005164012313e-05
1.277684688568115234e+01
6.081668470869772136e-05
2.404471158981323242e+00
1.155533120036125183e-01
1.461905761718750000e+04
1.181679630279541016e+01
1.313338875770568848e+00
1.149454394531250000e+04
2.309472084045410156e+00
4.026322494610212743e-05
3.986543872000000000e+09
4.479271972656250000e+03
6.093575358390808105e-01
8.920945110730826855e-04
1.006984179687500000e+04
2.723582438193261623e-04
3.285969796706922352e-05
2.121890783309936523e+00
1.692677642495254986e-06
4.133031250000000000e+04
1.524632796645164490e-03
7.376248389482498169e-02
5.123469848632812500e+02
1.531395465135574341e-01
1.759618148207664490e-02
2.691282497835345566e-05
5.184253677725791931e-02
1.772483438253402710e-02
4.320342540740966797e+00
3.864820173475891352e-04
7.462382793426513672e+00
3.183313598632812500e+02
1.647020751953125000e+03
6.501158622995717451e-06
3.044424057006835938e+01
2.013787078857421875e+01
2.775226533412933350e-01
1.089283978217281401e-04
6.575846862792968750e+01
2.833163365721702576e-03
4.845921322703361511e-02
2.848330020904541016e+00
2.246518135070800781e+00
2.437797593302093446e-05
3.827327728271484375e+01
4.220150585751980543e-04
1.058121621608734131e-01
7.553275227546691895e-01
2.615243911743164062e+01
2.314319317520130426e-06
4.555330360967168000e+16
7.944816502458706964e-07
6.548366546630859375e+01
9.199187159538269043e-02
9.182183444499969482e-02
1.130048767663538456e-03
1.991832277781213634e-06
3.042862808797508478e-04
2.239932632446289062e+01
5.350639343261718750e+00
2.968519227579236031e-03
1.260690391063690186e-01
2.989525000884896144e-06
6.486097816377878189e-03
9.878993034362792969e-02
2.920354080200195312e+01
2.507260205675265752e-06
6.764877929687500000e+02
2.487154802111035679e-07
5.159662570804357529e-03
1.657805938720703125e+02
8.454871177673339844e+00
8.178880438208580017e-03
7.392753601074218750e+01
3.428093433380126953e+00
3.269245862960815430e+00
9.506260394118726254e-04
4.418093012645840645e-04
4.883970692753791809e-02
1.282326265936717391e-04
5.215205601416528225e-04
2.390339076519012451e-01
1.875053021649364382e-05
5.993731692433357239e-02
8.043653797358274460e-04
1.091471004486083984e+01
1.101075857877731323e-02
1.035599511718750000e+04
9.073671698570251465e-01
1.809125304222106934e+00
6.621165084652602673e-04
2.383832447230815887e-02
5.031024456024169922e+00
3.807428060099482536e-03
8.651778846979141235e-02
2.225128374993801117e-02
4.864205038757063448e-05
4.933092441206099465e-06
3.312553046271204948e-03
9.117994181906396989e-07
2.010990101553034037e-06
1.013518869876861572e-02
4.110879264771938324e-03
9.763013571500778198e-03
2.580229296875000000e+04
4.300830841064453125e+00
1.135711818933486938e-01
4.070929527282714844e+00
6.451535701751708984e+00
9.723359200000000000e+07
4.501991668348637177e-07
1.576139777898788452e-02
1.428633742034435272e-02
1.381810665130615234e+00
5.704227078240364790e-06
3.131821751594543457e-01
2.498234855011105537e-03
2.868911933898925781e+01
1.360431924695149064e-04
1.689049713604617864e-05
5.314702168107032776e-02
4.119701875000000000e+05
3.770769500732421875e+01
1.216433906555175781e+01
3.109420140390284359e-05
8.240781426429748535e-01
6.817978828621562570e-06
7.566751719423336908e-06
4.009009599685668945e-01
5.346855614334344864e-03
6.504429125632000000e+12
6.021825969219207764e-02
3.787214382100501098e-07
2.021825196152349235e-08
8.477445226162672043e-05
2.293432597070932388e-03
8.579755859375000000e+03
8.408959729422349483e-06
7.590390305267646909e-05
3.211702270507812500e+02
4.148742500000000000e+05
3.470351221039891243e-04
1.264723152871738421e-07
6.340165000000000000e+05
3.059957407458568923e-07
7.021648559570312500e+02
1.162208676338195801e+00
3.413394733797758818e-05
1.993803143501281738e+00
3.162106871604919434e-01
2.779158018529415131e-02
1.033309993125897108e-09
6.428002929687500000e+01
2.154821885369528900e-07
1.454690063837915659e-04
1.239034114405512810e-03
1.635710150003433228e-01
4.458475392311811447e-03
7.778113484382629395e-01
3.415880584716796875e+01
2.191658597439527512e-03
6.786949313664081274e-08
2.620357871055603027e-01
1.545027039639990107e-08
1.374560892581939697e-01
1.304334716796875000e+02
4.959865659475326538e-02
3.028121404349803925e-02
8.921006519813090563e-05
3.233285248279571533e-02
1.738909570312500000e+04
1.369148800000000000e+08
1.201161593198776245e-01
2.161388751119375229e-03
3.775680541992187500e+01
1.003690954348712694e-06
4.847520322073251009e-04
3.100457979599013925e-05
1.041739281504305836e-07
2.225611242465674877e-04
6.505830383300781250e+01
7.482650756835937500e+00
3.882150849676690996e-05
6.336629638671875000e+02
4.546349373413249850e-05
1.906631950987502933e-04
1.673126983642578125e+01
4.974732875823974609e+00
3.969980753026902676e-04
5.736802518367767334e-02
2.249743938446044922e-01
2.115877345204353333e-02
7.213330078125000000e+02
7.691696286201477051e-01
1.839120149612426758e+00
9.124985922426276375e-08
2.276841318234801292e-03
5.112599182128906250e+01
4.643519409000873566e-03
4.356711171567440033e-03
2.422105468750000000e+04
3.470315600000000000e+07
4.202328205108642578e+00
7.345639801025390625e+01
3.072703778743743896e-01
5.238500976562500000e+02
6.779676055908203125e+01
1.030147920000000000e+08
4.387280625000000000e+05
3.601569915190339088e-05
1.398598775267601013e-03
1.074431370943784714e-02
1.731631994247436523e+00
7.352859375000000000e+04
9.622054174542427063e-03
1.316384150413796306e-04
4.695415496826171875e-03
1.794656181335449219e+01
1.032035215757787228e-03
9.748631286621093750e+01
3.815378477156627923e-06
4.443191864993423223e-04
2.984095737338066101e-02
1.643694625000000000e+06
2.926087379455566406e+01
1.960918750000000000e+05
4.081365168094635010e-01
2.356172502040863037e-01
1.349633093923330307e-03
2.386748819844797254e-04
6.536013603210449219e+00
6.265671875000000000e+03
1.850995361328125000e+03
1.479498459957540035e-04
2.567357718944549561e-01
3.004669189453125000e+02
1.173464115709066391e-03
6.820363341830670834e-04
1.636524438858032227e+00
1.075869522094726562e+02
3.151744371280074120e-03
3.795712960000000000e+08
6.445021182298660278e-02
6.609052124023437500e+02
1.258385479450225830e-01
5.980436071695294231e-06
1.060087885707616806e-02
2.122489348721501301e-07
3.863491439819335938e+01
2.524744020774960518e-03
4.538736864924430847e-02
5.466762104333611205e-06
4.029137548059225082e-03
9.425561130046844482e-02
1.188778762817382812e+02
3.736212420335505158e-06
6.801502704620361328e-01
4.766768597619375214e-06
3.844969323836266994e-04
8.026503026485443115e-03
7.366786292095639510e-08
2.013562834690674208e-06
1.935411071777343750e+02
4.132342837692704052e-06
3.685853153001517057e-04
3.870881162583827972e-03
1.123192757368087769e-01
4.812623828125000000e+04
2.160032985809579031e-10
4.114491865038871765e-03
6.515181250000000000e+05
2.445118255615234375e+02
3.661517977704420446e-09
3.711943572852760553e-04
1.136215589940547943e-02
3.581736373901367188e+01
2.456665060890372843e-05
2.128105916199274361e-05
2.511929687500000000e+03
4.802959665539674461e-05
1.915930633544921875e+02
2.812718058464724891e-08
1.380989942845189944e-06
7.391737308353185654e-03
3.275115234375000000e+03
2.411678992211818695e-02
3.773464560508728027e-01
2.120550625000000000e+05
2.711781561374664307e-01
2.538416010793298483e-04
6.631936877965927124e-02
4.884706420898437500e+02
4.953244235366582870e-03
2.771506784483790398e-03
7.162733078002929688e-01
4.249378662109375000e+02
7.285178303718566895e-01
1.824617938837036490e-04
3.027584838867187500e+01
1.239058078361665594e-09
9.310480207204818726e-02
1.768793487548828125e+01
6.626476049423217773e-01
3.441864237174740992e-06
7.586333900690078735e-03
6.539013385772705078e-01
7.335053600000000000e+07
2.225125133991241455e-01
9.808219037950038910e-03
6.061584281269460917e-05
5.978565000000000000e+06
5.787152767181396484e+00
1.553163456264883280e-04
1.164081096649169922e+00
1.739322900772094727e+00
1.200226098299026489e-01
1.935232031250000000e+04
1.540520019531250000e+03
1.717927982099354267e-03
2.623846987262368202e-03
5.056328373029828072e-04
1.154307603836059570e+00
3.292811289429664612e-02
2.129071235656738281e+00
8.964446400000000000e+07
7.672708129882812500e+01
1.975443000000000000e+07
4.773703039973042905e-06
8.684958007812500000e+03
7.904340163804590702e-04
5.596696212887763977e-02
3.367067847648286261e-06
2.510923333466053009e-02
6.067501203688152600e-07
1.602560615539550781e+01
3.268012005719356239e-05
1.529971718750000000e+05
1.231408081054687500e+02
3.888021819875575602e-05
1.023711400000000000e+07
3.597256168723106384e-02
8.740684509277343750e+01
1.131431981921195984e-01
7.285341154783964157e-03
8.449388587905559689e-06
5.132776219397783279e-03
1.273752073757350445e-03
4.023029468953609467e-04
3.351047635078430176e-04
2.952803857624530792e-02
7.883819635026156902e-04
4.767077825817978010e-06
4.357701982371509075e-05
6.559193725585937500e+02
1.329078152775764465e-02
3.680909139802679420e-05
6.193817257881164551e-01
6.844664312666282058e-06
9.573414921760559082e-03
1.700821990966796875e+02
1.840120851993560791e-01
1.081670234270859510e-05
4.218799087851721197e-09
7.744956016540527344e+00
1.473399697715649381e-05
4.436222463846206665e-02
1.965700937500000000e+05
3.092864900827407837e-02
1.432676434516906738e+00
6.297933403402566910e-03
1.596635411260649562e-04
2.165800688089802861e-04
5.799674909212626517e-05
3.729510353878140450e-03
2.840747680664062500e+02
1.354016661643981934e-01
7.024372927844524384e-03
1.283768938264984172e-06
5.543021875000000000e+04
1.303630769252777100e-01
2.650383949279785156e+00
9.768538177013397217e-02
1.442564534954726696e-04
4.873571395874023438e-01
2.767965856520504531e-10
6.984854888916015625e+01
2.403729915618896484e+00
4.991950378417968750e+02
3.786165279962006025e-06
7.647399604320526123e-02
1.617823158994724508e-06
1.990290684261708520e-06
4.914673864841461182e-01
4.301005172729492188e+01
1.555193960666656494e-02
8.654291741549968719e-03
6.833831787109375000e+00
2.481033504009246826e-01
1.318821000000000000e+06
2.017490260186605155e-06
3.039751768112182617e+00
1.492123647039989009e-05
1.435038566589355469e+00
7.131518214009702206e-04
1.236077605426544324e-05
2.201696485280990601e-02
4.711807727813720703e+00
3.273216262459754944e-02
3.369491455078125000e+03
1.795628368854522705e-01
3.790811751969158649e-04
2.058471679687500000e+02
1.124133014678955078e+01
6.874629616504535079e-05
3.935549830202944577e-05
3.808417510986328125e+01
2.984026446938514709e-02
2.943667368526803330e-06
6.328993290662765503e-02
3.504403352737426758e+00
1.360624529711529362e-10
7.413855655613588169e-06
7.851765985833480954e-05
3.113680859375000000e+04
5.958167457720264792e-05
3.080502385273575783e-03
1.517335567768895999e-05
1.533582544652745128e-04
2.128733398437500000e+03
1.604604980468750000e+04
1.752994876369484700e-06
1.196082157548516989e-04
6.102805137634277344e+00
9.149233903826825554e-08
7.836691379547119141e+00
1.044833334162831306e-03
4.900943953543901443e-03
3.966252188547514379e-05
1.474001407623291016e+01
6.008140742778778076e-03
9.193922877311706543e-01
1.882526278495788574e-02
6.805654650943182560e-11
2.138949871063232422e+00
2.285923004150390625e+02
8.676377534866333008e-01
6.750880856998264790e-06
1.787005203368607908e-05
1.522790989838540554e-04
9.291547656250000000e+04
1.283590681850910187e-04
1.738342880000000000e+08
2.094667434692382812e+00
5.084848327636718750e+02
4.805406250000000000e+04
1.544397603720426559e-02
2.819069099426269531e+01
1.622832324218750000e+04
4.898169336797764117e-08
4.120002985000610352e-01
4.769966125488281250e+01
3.975914751208620146e-06
4.008444026112556458e-03
1.273686523437500000e+04
2.656309166923165321e-03
5.761136435467051342e-06
2.077092170715332031e+00
9.080036917248000000e+12
7.256942780031749862e-08
5.639140009880065918e-01
9.541084000375121832e-05
1.544441241563276890e-09
9.769307136535644531e+00
2.406327929687500000e+04
2.165221815175755182e-07
7.379421250000000000e+05
7.292494410648941994e-05
9.620023965835571289e-01
2.575815320014953613e-01
1.752768456935882568e-01
1.620300750732421875e+02
4.635429650079458952e-05
2.984073486328125000e+02
8.174040794372558594e+00
2.311415504664182663e-03
1.407030075788497925e-01
6.438299082219600677e-03
8.821880328468978405e-06
1.167917177081108093e-01
1.979005875000000000e+06
1.408661305904388428e-01
9.424789994955062866e-02
8.498915284872055054e-02
2.268067646582494490e-06
2.188706359863281250e+02
6.721125245094299316e-01
1.549856460769660771e-05
1.550157205201685429e-03
2.113037425033326144e-07
2.961665159091353416e-04
5.522867968750000000e+04
1.587165170349180698e-03
4.298329004086554050e-04
1.185453012585639954e-01
2.674927600310184062e-06
8.341767187500000000e+04
2.958957664668560028e-02
4.289111288358071761e-08
2.400197440000000000e+08
1.072431216016411781e-03
2.038178906250000000e+04
6.808221515776000000e+12
5.337950170769545366e-08
4.566801635519368574e-06
5.297428131103515625e+01
1.306780700683593750e+02
1.580328103045758326e-06
3.635066650390625000e+03
1.591800689697265625e+01
7.694889209233224392e-04
9.191563720703125000e+02
1.005021362304687500e+03
3.514820480346679688e+01
1.784774102270603180e-02
1.488932228088378906e+01
1.637270179344341159e-04
2.610747909545898438e+01
4.569811280816793442e-04
9.377801250000000000e+05
1.294226646423339844e+01
2.728147665038704872e-04
1.093185186386108398e+00
2.005991668701171875e+02
3.788509173318743706e-03
5.726363062858581543e-01
3.205676004290580750e-02
3.613129806518554688e+01
1.676220148801803589e-01
4.872641056863358244e-06
4.726140441894531250e+02
1.299662231445312500e+03
1.071197584678884596e-05
6.354395736707374454e-06
1.589787643752060831e-05
4.090616857865825295e-05
1.203404506668448448e-03
4.506412963867187500e+02
1.226025540381669998e-02
1.725434800000000000e+07
2.531374816894531250e+02
1.941335449218750000e+02
1.378113460540771484e+01
2.788506820797920227e-02
3.924984741210937500e+02
7.740278930664062500e+02
7.048365478515625000e+02
1.680057958400000000e+11
1.026859804987907410e-01
1.047878991812467575e-03
1.360020483843982220e-03
1.250966191291809082e+00
7.967092678882181644e-04
6.482281088829040527e-01
7.029839707684004679e-06
1.732442797219846398e-06
8.559582829475402832e-01
2.913405126037105219e-07
3.803717163464170881e-06
1.100858280551619828e-04
1.246392261236906052e-02
4.187136459350585938e+01
2.308802446350455284e-03
2.371794750000000000e+06
4.320649895817041397e-03
5.748366117477416992e-01
1.039414291881257668e-05
6.248535100894514471e-06
5.057164235040545464e-04
5.079124375000000000e+05
7.785894870758056641e-01
1.321805750000000000e+06
1.415854841470718384e-01
4.063919982910156250e+02
2.818171633407473564e-04
6.839517578125000000e+03
6.376385688781738281e+00
2.285971200000000000e+08
3.724916458129882812e+01
5.624324798583984375e+01
2.279979858398437500e+02
2.822203397750854492e+00
2.028477148437500000e+04
2.673732042312622070e+00
2.102280705003067851e-04
2.281528064000000000e+09
7.750389272587199230e-07
1.036695390939712524e-02
1.143751945346593857e-02
2.543949708342552185e-02
4.072855412960052490e-02
2.850716562500000000e+05
7.635616511106491089e-02
2.751090214587748051e-04
1.926052391354460269e-05
5.674198619090020657e-04
1.550162778585217893e-05
3.739907220005989075e-02
1.876644976437091827e-02
4.349386726971715689e-04
3.583223819732666016e-01
2.629185742187500000e+04
1.291204833984375000e+02
1.270358450710773468e-02
7.576719665527343750e+01
4.798923328053206205e-04
2.195673150708898902e-04
1.143464663233562106e-11
3.368146644788794219e-05
2.870807293220423162e-05
2.814636379480361938e-02
1.245916038751602173e-01
9.684904944151639938e-05
1.830752754211425781e+01
2.582250000000000000e+04
2.681933343410491943e-01
1.436796592315658927e-04
5.657190680503845215e-01
1.198589229583740234e+01
3.601714223623275757e-02
3.673940658569335938e+00
1.105223219610707019e-07
9.055215835571289062e+00
5.211058906433307936e-13
1.615000300000000000e+07
1.700939549209579127e-07
1.791796239558607340e-05
1.568091647641267627e-05
3.592912806198000908e-03
1.659839868545532227e+00
2.037117701547686011e-05
3.913973458111286163e-03
2.177548594772815704e-03
2.269689636230468750e+02
6.491118692792952061e-04
1.391008123755455017e-02
3.391629143152385950e-04
1.167023242487630341e-07
2.234780138721248477e-09
2.089707646518945694e-03
1.328511595726013184e+00
9.173401594161987305e-01
5.936519140625000000e+04
3.323825073242187500e+01
1.235031542968750000e+04
5.939298629760742188e+00
1.252320312500000000e+04
6.704106330871582031e-01
1.066916346549987793e+00
2.187436074018478394e-01
2.302548631858708480e+17
2.632251708984375000e+03
6.110570393502712250e-04
7.445975391817682976e-09
5.930769042968750000e+03
7.380946400000000000e+07
1.221856218762695789e-03
1.071172100000000000e+07
2.295766258612275124e-03
4.460569936782121658e-03
1.709504798054695129e-02
1.208511894219554961e-04
4.127306500000000000e+06
3.433295654296875000e+03
1.249212305992841721e-03
3.852614164352416992e+00
2.054841816425323486e-01
1.611321866512298584e-01
6.739170551300048828e-01
2.664465457201004028e-02
7.171040649414062500e+02
1.432979945093393326e-03
1.405452536573648104e-07
5.279945731163024902e-01
7.590064778923988342e-04
7.410709381103515625e+00
2.685408592224121094e+00
2.812421917915344238e-01
1.144394129514694214e-01
4.121095240116119385e-01
3.776895200000000000e+07
4.831940459553152323e-04
4.042994230985641479e-03
6.554821133613586426e-01
2.924228028859943151e-04
6.598991000000000000e+06
3.690005314638256095e-06
4.963846411556005478e-03
2.385617699474096298e-05
1.414837557002240000e+14
1.368645578622817993e-03
4.786145324707031250e+02
2.203411000000000000e+06
2.049554586410522461e+00
1.039861869812011719e+01
1.499935239553451538e-01
5.399356517443720804e-09
1.705885546875000000e+04
2.368120703977183439e-06
3.420555367483757436e-05
2.564643386548937087e-09
1.809657551348209381e-02
1.129798730468750000e+04
5.655503869056701660e-01
3.672698256629303160e-10
1.613608276367187500e+03
1.392201520502567291e-02
5.271862755762413144e-05
2.070531500000000000e+06
5.133474687500000000e+05
3.633521869778633118e-02
6.928648948669433594e-01
9.263129425048828125e+01
2.742692454400000000e+10
3.250218695029616356e-03
1.330869272351264954e-02
4.246764729032292962e-05
1.498382698628120124e-05
3.106354756754470259e-11
8.109605468750000000e+04
5.764132365584373474e-02
3.383757019042968750e+01
6.990883033722639084e-03
2.265414843750000000e+05
2.332254219055175781e+01
4.114993286132812500e+01
2.981400489807128906e-02
1.163724974162505532e-07
5.622861385345458984e-01
6.550445963426909657e-09
1.532563939690589905e-03
5.702837760000000000e+08
6.773945093154907227e-01
1.018144921875000000e+05
9.322217665612697601e-04
4.453970348095026566e-08
9.962244033813476562e+00
1.794125795364379883e+00
9.604000300168991089e-02
4.331954717636108398e-01
4.082005310058593750e+01
1.427083159796893597e-03
8.441264000000000000e+08
5.636780032000000000e+09
9.468403732171282172e-05
2.141128540039062500e+00
2.813608169555664062e+00
3.638342022895812988e-01
4.599383300781250000e+03
1.739589983174028021e-08
7.055177500000000000e+06
8.413961154474236537e-07
3.763596117496490479e-01
2.211497790449712397e-10
2.401101810391992331e-04
1.042921282351016998e-02
7.197496891021728516e-01
1.177609647129429504e-05
6.621519423788413405e-05
1.481999061070382595e-04
1.361142873764038086e+00
4.663136228919029236e-02
4.614507886913088441e-08
1.382192224264144897e-01
4.992605795450799633e-08
9.185440035253122915e-07
1.102727508544921875e+01
8.929295000000000000e+05
7.503660583496093750e+01
6.251890681596705690e-06
2.876626367187500000e+04
1.034001819789409637e-02
8.067330345511436462e-04
4.657382145524024963e-02
3.353380441665649414e+00
8.414970338344573975e-02
1.475669978390214965e-05
1.651399419642984867e-03
6.460614257812500000e+03
3.088735198974609375e+01
1.471823040000000000e+08
1.027660846710205078e+00
2.133451016561593860e-05
4.497779905796051025e-01
1.299333828125000000e+05
4.591413438320159912e-01
5.355927734375000000e+02
1.825155859375000000e+04
2.703320503234863281e+00
9.680675048828125000e+02
1.674565300345420837e-02
6.935794317541876808e-06
1.385434984513267409e-06
3.536395263671875000e+01
6.924165645614266396e-04
8.941017414290652887e-13
3.533256351947784424e-01
2.240503040000000000e+08
1.449947265625000000e+04
3.473518008831888437e-04
1.673723699200000000e+10
4.509507562033832073e-04
1.483399682911112905e-04
1.362892333418130875e-02
8.995407843030989170e-04
1.275379327125847340e-04
1.735865487717092037e-03
4.050279617309570312e+01
3.122016191482543945e+00
2.901532265676800000e+15
2.386684063822031021e-03
1.979491114616394043e-01
3.863733581965789199e-05
2.137528546154499054e-02
7.643955200910568237e-02
8.237399905920028687e-02
1.564193439483642578e+01
7.431762292981147766e-03
2.666606307029724121e-01
3.921398956663324498e-07
7.773758261464536190e-05
5.445544719696044922e-01
7.974862121045589447e-03
3.088461235165596008e-03
1.073525398969650269e-01
1.127826498859008097e-09
3.706679912284016609e-03
6.257780194282531738e-01
1.290741602133493870e-05
2.590603113174438477e+00
6.455901166191324592e-05
8.269050340459216386e-06
1.922068945312500000e+04
1.967312527995090932e-06
1.510992478870321065e-05
2.678000926971435547e+00
2.544562893724844344e-10
1.218684911727905273e+00
2.350368595216423273e-04
1.315620994567871094e+01
4.697966141975484788e-05
7.648034486919641495e-03
2.825342817232012749e-04
2.373025566339492798e-01
4.288996276855468750e+02
6.434606075286865234e+00
8.830701858641987201e-07
2.003071899414062500e+02
3.905320400000000000e+07
9.695418867750049685e-08
6.406000815331935883e-03
4.163864320000000000e+08
1.096562072634696960e-01
1.345780096016824245e-03
2.828280230460222811e-05
1.947109580039978027e+00
6.068148612976074219e-01
1.490151779748316585e-09
4.049944531250000000e+04
6.655458406612524414e-08
2.889262437820434570e-01
4.717235839843750000e+03
5.820673751831054688e+01
3.448772430419921875e-01
1.371704578399658203e+01
8.019588130991905928e-05
5.816696400000000000e+07
5.971091923129279166e-07
1.137443468905985355e-03
8.307198731927201152e-05
8.455832585241296329e-07
1.865867227315902710e-01
2.991558456420898438e+01
1.503973267972469330e-03
1.575248986482620239e-01
1.738304376885935199e-06
2.004021250000000000e+05
2.077672183513641357e-01
1.120520141601562500e+03
5.721571216810161786e-09
4.632736206054687500e+02
3.070555329322814941e-01
4.701225087046623230e-02
2.575619843750000000e+05
8.958406656000000000e+10
9.792165656108409166e-05
7.782797183608636260e-05
4.649385516586335143e-07
2.377873659133911133e-02
3.057913744441975723e-08
2.933350915554910898e-04
6.618831704940930649e-09
1.943925046361982822e-03
7.063205703161656857e-05
1.168391418457031250e+02
6.166298873722553253e-03
1.121215318562462926e-04
1.655416781431995332e-08
6.335957031250000000e+03
3.401004076004028320e-01
1.672293701171875000e+02
1.092379570007324219e+00
3.469994069860149466e-08
4.738187368857600000e+13
2.305005327798426151e-04
3.544900566339492798e-02
8.202171011362224817e-05
4.374177933641476557e-06
8.393128906250000000e+04
6.191301622493483592e-07
2.551147481426596642e-03
1.091804355382919312e-02
7.435147608703118749e-08
1.639644335937500000e+04
1.336215362548828125e+02
1.979355374714941718e-06
4.004772752523422241e-03
1.100135684013366699e+00
1.559965894557535648e-03
1.411544021729280000e+14
2.216659912109375000e+03
1.688785851001739502e-01
4.703263286501169205e-03
6.621089355468750000e+03
1.383112394250929356e-04
7.921224209894717205e-08
5.210690101620230053e-09
1.179282348632812500e+03
2.497025519687667838e-08
2.211475447211341816e-11
3.254460394382476807e-01
6.986870616674423218e-02
2.599128094971092651e-07
3.211423754692077637e-04
1.306155175781250000e+04
2.070209884550422430e-04
8.747923629925935529e-07
3.942883353147408343e-08
8.310974218750000000e+04
3.867898941040039062e+00
2.194181550294160843e-03
2.031066406250000000e+04
1.854389120000000000e+08
7.062677145004272461e-01
2.392708892822265625e+02
4.824862480163574219e+00
8.358028935617767274e-06
3.422722816467285156e-01
7.379623712040483952e-04
5.333854642231017351e-05
2.589190553408116102e-04
1.968159449461381882e-05
1.859877374954521656e-04
1.406713085937500000e+04
1.917837142944335938e+01
2.780377343750000000e+04
4.272149817552417517e-04
1.113745594024658203e+01
1.147134475708007812e+02
5.500121712684631348e-01
5.268006324768066406e-01
5.915652751922607422e+00
8.104018121957778931e-02
5.021400833129882812e+01
4.278028598037053598e-08
1.022525248117744923e-04
1.120381951332092285e-01
2.332024335861206055e+00
1.043205920723266900e-04
1.142490112304687500e+03
4.913682118058204651e-03
3.698043116173721501e-08
1.775469034910202026e-01
9.345803409814834595e-02
1.966747277037939057e-06
1.906619262695312500e+03
8.370020389556884766e-01
1.540509375000000000e+06
8.737077713012695312e-01
9.595642914064228535e-04
3.445328184170648456e-05
1.242972211912274361e-05
8.826806545257568359e-01
2.011267095804214478e-01
3.929204540327191353e-04
1.926438882946968079e-02
8.153969247359782457e-05
1.603844404220581055e+00
8.272267187500000000e+04
3.554018735885620117e+00
3.513051941990852356e-02
6.235315231606364250e-05
1.101643284480000000e+11
2.291543483734130859e+00
3.618435948737896979e-05
2.295157670974731445e+00
3.857573176446749130e-07
1.571567729115486145e-03
7.714741230010986328e-01
2.293306159973144531e+01
3.977577762270811945e-06
6.220867732054102817e-08
1.107687503099441528e-02
6.545935821533203125e+01
2.387686399742960930e-04
2.382082672119140625e+02
3.327169906697236001e-05
1.120204162597656250e+02
3.362487768754363060e-04
2.303188892938123900e-07
1.610757783055305481e-03
1.256143441423773766e-03
8.259034366346895695e-04
1.255501151084899902e+00
4.508687928318977356e-02
6.819319911301136017e-03
1.112381875000000000e+06
2.381875856372062117e-05
1.063827541656792164e-03
5.365564453125000000e+04
7.657403330085799098e-05
4.414584327605552971e-05
1.479885440858197398e-06
3.809080362319946289e+00
7.661294937133789062e-01
2.514282393395461668e-10
1.081640090942382812e+02
1.061540145874023438e+02
1.394075468397204531e-07
7.057323819026350975e-04
9.664901733398437500e+01
2.368178558349609375e+01
1.803823547363281250e+02
5.038403034210205078e+00
3.306359800000000000e+07
5.273399874567985535e-04
4.560628051757812500e+02
2.011848688125610352e+00
6.529299169778823853e-02
7.688173297992761945e-08
3.228825195312500000e+04
3.457807179074734449e-05
5.220951861701905727e-04
9.310632993753120701e-12
2.005834250000000000e+06
3.360074234008789062e+01
9.682337194681167603e-02
1.300793588161468506e-01
7.591893518110737205e-05
1.567749131936579943e-05
3.810599818825721741e-02
6.223518750000000000e+04
8.886123448610305786e-02
1.837641932070255280e-03
5.179450660943984985e-02
7.892684340476989746e-01
3.577828872948884964e-03
1.960699410119559616e-05
1.512630615234375000e+02
1.396556718750000000e+05
5.405517295002937317e-02
6.992480468750000000e+04
2.521494140625000000e+02
2.742650359869003296e-02
1.159843595814891160e-04
3.717241925187408924e-04
5.668451649398775771e-06
5.531970437289146503e-09
2.419726342850481160e-06
1.209489181637763977e-01
5.369974533095955849e-04
1.815030288696289062e+01
2.425657175120221609e-10
1.000195332505600000e+13
3.527626767754554749e-02
5.474815770867280662e-05
2.973483663360000000e+12
6.484476318359375000e+02
8.045969880186021328e-04
7.819431424140930176e-01
1.338271972656250000e+04
3.226092085242271423e-02
9.843184379860758781e-04
4.783474651048891246e-06
1.711386255919933319e-03
3.804897019676900527e-08
3.665021722554229200e-05
9.171862006187438965e-01
3.886576843261718750e+01
1.087556552886962891e+01
8.392247764277271926e-06
4.458423791220411658e-05
8.556381835937500000e+02
6.599889397621154785e-01
3.017759416252374649e-03
5.091251339763402939e-03
1.037001260556280613e-03
2.465575156250000000e+05
2.790058007812500000e+04
1.879997318610548973e-03
6.726871728897094727e-01
1.948638446629047394e-02
2.409980152151547372e-05
4.218131256103515625e+01
4.543032962828874588e-03
2.746777534484863281e+01
1.269240341186523438e+02
1.671475390625000000e+04
8.495752811431884766e-01
9.757462890625000000e+03
1.302236455558158923e-06
3.446160690145916305e-06
1.791676768334582448e-04
2.752352523803710938e+01
1.142674414062500000e+04
8.806296539306640625e+01
9.735163786217526649e-08
3.202247619628906250e-02
2.080700397491455078e+00
1.144840145111083984e+01
2.262920700013637543e-02
7.261642167577520013e-06
3.386132448213174939e-06
1.495389384217560291e-03
1.424186901743951239e-08
2.935123802672023885e-06
1.958233475685119629e+00
4.111498710699379444e-04
1.318687200546264648e+00
5.271887459912250051e-08
3.572733700275421143e-01
2.091230999212712049e-04
1.524697422981262207e+00
2.063407400498817879e-08
7.295268733287230134e-05
1.013033761410042644e-05
1.410239347023889422e-04
1.826004534959793091e-01
2.540238952519757731e-08
1.033392548561096191e-01
1.682079329157204484e-07
6.094625359942540399e-10
3.191493533449829556e-06
2.726478269323706627e-04
2.141447019710085442e-08
3.518643975257873535e-02
1.060582160949707031e+00
2.087297616526484489e-05
1.649527698755264282e-01
2.219569141743704677e-04
5.900383470702763589e-08
3.378119727130979300e-04
4.999485473632812500e+02
7.928850650787353516e-01
4.069039062500000000e+03
2.551516517996788025e-03
6.778696875000000000e+04
2.599627256393432617e+00
2.963274417511208014e-11
4.437833922565914690e-06
5.102558806538581848e-02
1.291575622558593750e+02
2.704562988281250000e+02
1.752013122313655913e-05
7.235997472889721394e-04
1.602841415149214299e-09
4.673999001170159318e-07
8.512104034423828125e+00
1.023382949829101562e+01
3.541889572143554688e+01
2.134443670511245728e-01
7.421199654800147982e-08
1.819603490105237142e-08
3.526205937500000000e+05
1.191017145174555480e-05
1.521298706054687500e+03
1.378895342350006104e-02
2.339265123009681702e-02
2.933553696493618190e-05
1.292994267210190174e-09
1.115476246923208237e-03
3.090153320312500000e+04
6.456114053726196289e-01
3.263975027948617935e-03
7.768561597913503647e-03
9.591920375823974609e-01
1.990159600973129272e-01
3.242036200390430167e-06
1.936418357217917219e-06
1.351511757820844650e-02
1.634460258483886719e+01
1.739820305601824657e-07
2.812473876953125000e+03
1.540978882985655218e-05
1.168926134705543518e-01
1.568219628906250000e+04
7.647363841533660889e-02
3.267975976562500000e+04
2.094049316406250000e+03
5.536311864852905273e-02
5.136374384164810181e-02
1.654668763118039010e-10
1.288219604492187500e+02
7.606277274696537916e-10
2.505233278498053551e-03
4.073616219102405012e-05
1.001096279651392251e-05
3.997759580612182617e+00
2.929438604041934013e-03
6.551827880230121082e-08
3.139427690257434733e-06
1.781854080000000000e+08
8.815192131805815734e-09
6.556489970535039902e-03
3.422503599970205812e-12
5.841329097747802734e+00
3.826618922175839543e-06
1.389054814353585243e-03
1.763650625944137573e-01
4.028190400000000000e+07
1.447284966707229614e-02
5.077912500000000000e+04
8.514790982007980347e-02
6.602039337158203125e+00
3.424796801709817373e-08
1.592933082580566406e+01
8.109211914062500000e+03
5.303115813148906454e-08
1.915646362304687500e+02
8.597076885052956641e-06
5.050194886280223727e-05
1.399205871166486759e-07
1.304362773895263672e+00
1.181132625788450241e-03
2.213269658386707306e-02
4.153651744127273560e-02
8.018643200000000000e+08
3.723295321833575144e-06
5.286356554279336706e-06
8.798239150564768352e-07
1.322995948791503906e+01
1.636970043182373047e-01
1.457766103385438328e-07
8.108571166992187500e+02
1.037732660770416260e-01
9.867914062500000000e+03
1.053499989211559296e-02
2.030239062500000000e+04
5.717735984944738448e-05
5.513828247785568237e-03
1.854028596426360309e-05
1.704292481008451432e-05
4.093222808837890625e+01
4.365554749965667725e-01
8.173311362043023109e-04
9.123346522699193883e-09
1.052032411098480225e-02
3.027045281100981811e-08
9.182990193367004395e-01
1.920777559280395508e+00
1.615272460937500000e+03
2.485613107681274414e+00
1.112173078581690788e-03
1.071366786956787109e+00
6.362627029418945312e+00
5.930864810943603516e+00
7.640396093750000000e+04
4.165933203125000000e+04
8.704614639282226562e+00
7.155194878578186035e-02
1.048107489687311045e-09
1.471765222959220409e-03
2.113443042617291212e-04
2.042870968580245972e-02
2.054580608000000000e+09
1.837018132209777832e+00
6.049892902374267578e+00
2.056735567748546600e-02
1.639052243262995034e-05
2.959172939881682396e-03
1.533430302515625954e-03
1.282194995880126953e+01
1.251889250000000000e+06
2.306967500000000000e+06
1.095975312637165189e-04
1.099505781250000000e+05
7.387952208518981934e-01
8.670138716697692871e-01
1.968667968750000000e+04
8.146734217007178813e-06
1.110966150008607656e-05
1.565745492371206637e-06
9.985845947265625000e+01
1.802906250000000000e+04
8.467105350185022417e-10
1.364187335968017578e+01
4.107103576660156250e+02
3.563138307072222233e-04
4.508102574618533254e-05
1.230304062500000000e+05
1.669038273394107819e-02
4.662070423364639282e-04
2.089949369430541992e+00
4.713425781250000000e+03
3.934034109115600586e-01
5.412742187500000000e+03
1.275001883506774902e+00
1.693792500000000000e+05
1.277005723387958369e-10
1.816601037979125977e+00
1.939352805493399501e-04
1.162755665973236319e-06
8.163197326660156250e+01
1.240002711710985750e-05
3.789194488525390625e+01
3.668138000000000000e+06
1.591308246133849025e-04
3.197846467628551181e-07
7.944466779008507729e-05
1.307740250000000000e+06
2.727863693237304688e+01
1.443686008453369141e+00
8.237925612775143236e-07
2.177856686103041284e-06
3.697383217513561249e-03
2.415047213435173035e-02
2.132157351297792047e-05
4.178087234497070312e+00
2.376975724473595619e-03
5.717289750464260578e-04
1.539560779929161072e-02
3.879131555557250977e+00
9.775100728859342780e-09
2.246049165725708008e+00
1.813684539794921875e+02
1.346846371889114380e-01
2.686999797821044922e+00
7.082225000000000000e+04
3.338172137737274170e-01
1.434986472129821777e+00
5.845693976880284026e-06
1.387908123433589935e-02
5.481794921875000000e+03
3.852479980468750000e+03
9.903771972656250000e+01
1.493087484295249920e+17
1.616264344193041325e-04
2.014347167968750000e+03
2.393546128587331623e-05
1.690171700374776265e-07
2.223409118652343750e+02
4.450258275028318167e-04
1.177292689681053162e-01
7.696451562500000000e+04
1.858969726562500000e+03
2.956505382912000000e+12
2.020679779052734375e+02
2.598707249390486140e-09
2.314578771591186523e+00
1.343516254425048828e+01
2.456430614472537854e-08
1.188803174400000000e+10
3.334805859375000000e+04
3.058003500000000000e+06
3.272107243537902832e-02
6.022611167281866074e-03
1.470993993279989809e-07
3.901378631591796875e+01
4.032737612724304199e-01
2.402952432632446289e+00
5.671205599355744198e-06
3.325617611408233643e-01
1.151183257600000000e+11
1.133950203657150269e-01
1.882601063698530197e-04
1.553558468003757298e-05
1.713424717308953404e-04
4.138900112593546510e-05
2.544748067855834961e+00
3.533636093139648438e+01
1.431417118169520108e-08
8.905866707209497690e-06
3.418705078125000000e+04
3.036796581000089645e-03
9.191545586872962303e-07
5.404577026367187500e+02
3.568280000000000000e+05
1.935004882812500000e+04
2.855566094694950152e-08
6.406424194574356079e-02
8.220211837606239413e-12
2.449806686399824684e-07
6.909359246492385864e-03
8.588578026547111222e-08
7.336479611694812775e-03
1.459960039937868714e-04
2.234748046875000000e+03
5.264342427253723145e-01
1.351061541754461359e-06
1.117704901844263077e-02
1.017138808965682983e-01
5.027446604799479246e-05
4.484090876388791003e-09
1.418109377482323907e-06
2.781665825750678778e-04
7.952871918678283691e-02
2.498533630371093750e+01
2.093517187500000000e+04
6.806153010074922349e-07
1.677631371421739459e-04
5.935722962021827698e-02
3.575551556423306465e-03
4.902357812500000000e+04
1.120840238399978261e-07
3.520328521728515625e+01
1.915406882762908936e-01
4.981198883056640625e+01
1.123539277614327148e-06
3.876226562500000000e+04
2.359554055146872997e-04
1.170500278472900391e+00
1.418377113342285156e+01
2.956537475585937500e+02
5.890448242187500000e+03
4.361324954516021535e-07
8.394593048095703125e+01
5.088436591904610395e-05
6.661509722471237183e-02
1.876397857666015625e+02
1.985459221032215282e-06
1.953479461371898651e-02
1.593402412254363298e-04
1.398330993652343750e+02
2.456204593181610107e-02
7.717636108398437500e+02
3.931110858917236328e+00
6.240818277001380920e-02
2.389141358435153961e-03
5.557699218750000000e+04
1.007062759399414062e+02
7.366087436676025391e-01
9.126611709594726562e+00
4.090895410627126694e-03
1.352561492919921875e+02
1.659514009952545166e-01
3.060198307037353516e+00
7.724800415039062500e+02
1.986737333936616778e-05
7.471613120287656784e-03
6.008018180727958679e-02
5.916582420468330383e-03
3.560625191312283278e-05
8.960356445312500000e+03
1.365397949218750000e+02
1.233565631622676480e+17
2.692486077648936771e-06
3.707269570440985262e-05
1.242855773853079882e-07
2.666568197309970856e-02
1.531859197712037712e-05
3.212376832962036133e+00
4.724322753906250000e+03
2.129258544921875000e+03
6.524130003526806831e-05
6.517259521484375000e+02
3.023278899490833282e-03
8.142771457109176936e-10
9.551482543945312500e+02
1.017970219254493713e-02
6.061585625000000000e+05
1.485840766690671444e-05
8.189762593246996403e-04
1.174139979411847889e-04
1.517986292220996347e-10
4.819201231002807617e-01
6.919617021594604012e-07
3.448384450166486204e-05
1.879890859127044678e-01
5.381613159179687500e+01
7.860408572923915926e-07
1.426587200164794922e+01
7.331644287109375000e+02
8.249856829643249512e-01
9.125064453125000000e+03
1.040016293525695801e+00
7.226282358169555664e-02
1.470093957323115319e-05
9.638678282499313354e-02
1.279971934854984283e-02
3.195630386471748352e-03
4.354238128662109375e+01
1.654925872571766376e-03
4.730078697204589844e+00
2.589990617707371712e-04
1.698955660685896873e-03
5.084516853094100952e-02
3.107140541076660156e+01
6.464786565629765391e-06
4.917259793728590012e-03
3.212160777366079856e-07
3.711054432642413303e-07
5.885569844394922256e-04
6.815588101744651794e-03
1.718529150821268559e-03
8.437583892373368144e-05
7.182271972656250000e+03
2.243559331371880461e-11
1.447176509827841073e-05
4.157522926107048988e-05
2.291638085937500000e+04
8.529008030891418457e-01
1.456778200000000000e+07
1.486300706863403320e+00
2.734115114435553551e-04
5.322364062500000000e+04
1.946936523437500000e+04
3.041014634072780609e-02
1.620638489723205566e+00
2.349184417724609375e+01
1.622232275622081943e-06
1.238648742437362671e-01
3.929620480000000000e+11
2.721035707509145141e-05
5.874460111954249442e-05
4.317461718750000000e+04
1.703603402347653173e-06
1.131751807406544685e-03
1.656917855143547058e-02
1.676697265625000000e+03
5.499073449755087495e-05
2.589034557342529297e+00
8.497233648085966706e-05
6.039174795150756836e-01
3.797677834427304333e-07
7.841061346880451310e-07
1.633108593750000000e+04
9.190705488326678108e-12
4.331055606598965824e-05
6.602421053685247898e-04
6.842005291218811180e-07
1.799897290766239166e-04
3.046991332666948438e-05
3.642988525390625000e+03
2.150343170166015625e+02
2.588429561001248658e-05
1.947459951043128967e-02
4.660080718994140625e+01
6.024431437253952026e-03
4.942592605948448181e-02
3.211781755089759827e-02
7.913686335086822510e-03
3.473653320312500000e+03
1.014858125000000000e+05
1.137838745117187500e+01
5.414127349853515625e+01
1.026223160269235102e-12
4.737047851562500000e+03
1.128198121591594827e-07
2.083163112401962280e-01
4.387721673992928118e-06
1.807372900657355785e-04
4.316583648324012756e-02
8.888015747070312500e-01
4.992044270038604736e-01
9.498065054046617600e+16
7.002803613431751728e-04
1.305899388626130531e-08
8.995010603030095808e-07
4.739038104162318632e-07
5.111694062500000000e+05
4.045400601171422750e-06
1.867500312500000000e+05
2.026468515396118164e-02
2.157197509765625000e+03
1.127913201344199479e-04
5.535824811886413954e-07
1.458462953567504883e+00
1.538778076171875000e+02
1.898176691383923753e-07
4.783878417968750000e+03
6.260034179687500000e+03
1.210373860491264000e+16
1.265467889606952667e-02
4.959324951171875000e+02
2.149277552962303162e-02
7.115778771549230441e-06
2.010705647990107536e-03
2.499793052673339844e+00
2.596499057427870127e-11
6.750477155037515331e-08
2.404130220413208008e+00
3.607329199439845979e-05
3.271833496093750000e+03
2.536085341731109111e-09
1.260156835937500000e+04
2.287235219000649522e-07
1.212856732308864594e-04
2.191123257944127545e-06
1.712414375000000000e+05
8.215150146484375000e+02
5.263499449938535690e-03
7.943577656988054514e-06
6.883973632812500000e+03
7.277775287628173828e+00
5.296920703125000000e+04
1.804102584719657898e-02
1.262341102119535208e-04
2.809208154678344727e+00
2.604938030242919922e+00
1.093876491609080404e-07
2.925005187988281250e+02
4.116400305065326393e-06
1.587320566177368164e-01
3.255909632571274415e-06
1.471500610250586760e-08
1.524084325410512974e-08
1.034938335418701172e+01
5.561129296875000000e+04
1.273861600000000000e+07
8.802780508995056152e-01
1.029814375215210021e-04
5.117147949218750000e+03
4.427181920618750155e-06
9.395729370117187500e+02
5.542225204408168793e-03
3.817083740234375000e+01
3.224942833185195923e-02
8.211340173147618771e-06
3.113679092336951726e-09
4.830753896385431290e-03
2.770117998123168945e+00
7.535664529444846549e-14
2.288665382366161793e-05
5.551618542654068733e-08
8.448893750000000000e+04
8.580332971908077866e-11
8.814270496368408203e-01
1.237660297192633152e-03
2.722339687500000000e+05
1.380698547363281250e+02
5.198652148246765137e-01
2.273447171319276094e-04
6.796018169552553445e-06
1.984299160540103912e-05
4.683334827423095703e+00
2.161464062500000000e+04
1.648010164499282837e-01
1.213365234434604645e-02
7.619703479289086090e-11
3.150890000000000000e+05
1.762937109375000000e+04
2.018218231201171875e+02
5.324417088559130207e-06
9.440231707458224264e-08
1.882473006844520569e-04
4.404620361328125000e+01
2.742378044128417969e+01
1.919298934936523438e+01
3.453840255737304688e+00
2.961563614499771553e-16
6.188424304127693176e-02
2.654349096076202841e-08
3.454822945059277117e-05
5.319106578826904297e+00
1.809690833091735840e+00
3.815978288650512695e+00
1.767177929687500000e+04
2.780568847656250000e+02
3.220196400000000000e+07
2.789595164358615875e-04
9.227673558598326053e-07
2.507744678581502740e-09
4.198417812585830688e-02
1.740349388122558594e+01
1.801886856555938721e-01
1.168717407226562500e+03
9.690385131835937500e+02
6.936984573258087039e-05
3.752982635774060327e-08
1.208133107866160572e-05
1.400385375000000000e+06
3.222400817871093750e+02
4.708099218750000000e+04
1.089024353027343750e+02
9.713221338358835055e-09
4.909706250000000000e+04
1.428834472656250000e+03
8.749003427510615438e-06
1.108625458101641925e-08
9.497246551513671875e+01
1.657013130187988281e+01
2.156604492187500000e+03
5.973702762275934219e-03
1.828596810810267925e-03
1.660871887207031250e+01
1.507339402451179922e-05
1.361848632812500000e+03
1.221357495523989201e-03
1.821130922508018557e-06
3.731714095920324326e-03
8.823556518554687500e+02
2.115679296875000000e+04
1.213201165199279785e+00
1.625197029113769531e+01
4.236456879880279303e-05
2.124965667724609375e+02
1.850166320800781250e+01
1.247192260742187500e+03
4.603328928351402283e-02
6.533841788768768311e-02
3.381875002261836016e-09
3.133725840598344803e-06
5.106775390625000000e+03
5.328843144525308162e-07
1.020625209808349609e+01
2.291199414062500000e+04
6.416766154870856553e-06
2.957825927734375000e+03
6.553581897605909035e-06
1.441537506252643652e-06
2.148715111616184004e-06
8.561491966247558594e-02
1.913680449661114835e-07
3.114576721191406250e+01
6.364345608744770288e-06
9.108625000000000000e+03
3.584668338298797607e-01
3.374477641759909829e-10
4.578618332743644714e-03
9.391234812028415035e-08
3.892526245117187500e+01
5.950162559747695923e-02
5.448429728858172894e-04
7.013898539298679680e-06
4.731853485107421875e+00
8.884953260421752930e-01
3.724807573490807044e-09
2.709638977050781250e+01
2.283245086669921875e+00
1.887725087357239317e-09
3.570738281250000000e+03
1.519389920000000000e+08
1.187004672829061747e-04
1.425172947347164154e-02
1.561088254675269127e-03
1.240546386718750000e+03
6.158810574561357498e-04
6.413111209869384766e+00
1.539034274173900485e-04
3.173099539708346128e-04
5.414368843048578128e-06
1.742699829101562500e+03
1.088712890625000000e+04
2.532846923828125000e+03
1.404671365889953449e-07
1.581473276019096375e-03
7.132996093750000000e+04
1.234748721122741699e+00
2.524139708839356899e-04
9.185191392898559570e-01
3.199584170943126082e-05
5.119874840602278709e-04
3.592260479927062988e-01
8.554825559258460999e-03
9.291089057922363281e+00
1.528403572592651471e-06
3.167216142130335754e-11
5.018588066101074219e+00
1.541881589218974113e-03
4.559646301269531250e+02
4.050023437500000000e+04
5.652911029756069183e-03
8.358789216345030582e-10
1.152276163338683546e-04
4.518301466305274516e-07
2.550953892566099057e-09
1.810668770474421763e-08
1.627538871765136719e+01
7.036640425894802320e-08
1.210036754608154297e+01
5.484576104208827019e-04
5.885011589157329581e-09
1.892018133275996661e-07
4.546565767168000000e+12
2.036193466186523438e+01
1.527019739151000977e-01
9.672502443436314934e-08
2.731477618217468262e-01
2.495689841452986002e-04
5.428677241070545278e-07
1.664905459620058537e-03
7.016364746093750000e+02
1.884211181640625000e+03
2.541689173085615039e-05
1.968845140254416037e-07
8.768526077270507812e+00
3.718447265625000000e+03
4.736574555863626301e-05
4.248601684570312500e+02
7.788104470819234848e-03
7.538699833276041318e-07
8.718969183973968029e-05
5.867908384971087798e-06
1.079448312520980835e-02
6.660293729510158300e-05
2.330391738955550629e-12
4.691749513149261475e-01
1.157176122069358826e-02
2.758737548828125000e+03
4.794421329279430211e-06
4.645491208066232502e-05
4.814691925048828125e+01
4.762350585937500000e+03
3.758599405045970343e-07
1.143255352973937988e+00
3.666752307200000000e+10
1.074683471679687500e+03
5.323054504394531250e+01
7.293189525604248047e+00
2.030235890515541541e-07
4.365982711315155029e-01
2.711637644097208977e-03
1.976094398457216342e+22
2.187528125000000000e+05
8.917976083466783166e-05
8.617997169494628906e+00
2.985828323289752007e-03
1.462001120671629906e-03
3.379981033504009247e-03
1.478338817832991481e-04
5.331954889697954059e-05
1.974888443946838379e+00
5.869333744049072266e-01
4.194133362034335732e-05
2.284680753946304321e-01
8.666173926030751318e-06
6.007597548887133598e-04
3.196584000000000000e+07
2.053139169788664731e-08
7.801389600000000000e+07
1.850940750000000000e+06
1.316807714843750000e+04
8.003557923075277358e-07
7.638355600647628307e-05
6.419688964843750000e+03
2.106608221197348030e-08
1.216863514855504036e-03
3.700375808000000000e+09
7.030256986618041992e-01
1.128535203065439418e-07
2.034921635640785098e-05
6.190126878209412098e-04
7.518524414062500000e+03
9.366365149617195129e-03
1.022890216972882627e-09
2.844067239493597299e-05
6.126653289794921875e+01
4.463329315185546875e+01
1.796172070312500000e+04
1.177878766611684114e-05
2.487519850546959788e-05
2.716828930715564638e-07
7.033916625976562500e+02
1.517346071011616004e-08
2.605719089388003340e-07
5.419368420689352206e-08
5.453917312622070312e+01
1.906930859375000000e+04
9.554838256835937500e+02
2.763884898726587380e-09
1.273684375746597652e-07
1.328501184616470709e-05
1.271921875000000000e+04
6.724032759666442871e-02
9.244717773437500000e+03
7.067357540130615234e+00
3.460980946279335058e-10
2.729461364746093750e+02
1.826852202415466309e+00
4.599497515300754458e-06
7.769186049699783325e-04
1.315051194978877902e-04
1.545468694530427456e-04
1.683239475823938847e-03
1.007684855721890926e-03
1.848938140869140625e+02
5.683425068855285645e-01
3.402930160518735647e-04
6.241164803504943848e-01
2.638383395969867706e-02
2.895141951739788055e-02
4.911881685256958008e-02
1.442721355715548270e-07
3.178738605669195749e-09
3.127224772470071912e-05
2.603712500000000000e+04
5.686846542358398438e+01
7.159822387695312500e+02
4.391349793877452612e-04
6.316034667968750000e+03
1.772522591636516154e-05
2.723499023437500000e+03
2.296322918482474051e-06
3.948903799057006836e+00
2.721742475841892883e-07
3.761195373535156250e+01
2.656788332387804985e-03
4.863119721412658691e-01
3.051943704485893250e-02
1.491238880157470703e+01
5.549653750000000000e+05
8.894232660531997681e-02
3.032282750000000000e+06
3.643195668701082468e-04
3.891706292051821947e-04
5.230991244316101074e-01
1.281902100890874863e-02
6.393466051718421639e-12
8.852910404755220952e-09
3.496082570109138032e-07
1.126616134643554688e+02
8.156144022941589355e-01
2.792984865607195388e-08
5.162336914062500000e+03
3.953027141734288818e-11
2.774872118607163429e-03
2.088714361190795898e+00
4.951757431030273438e+00
7.085999965667724609e+00
3.534305953979492188e+01
1.847596466541290283e-01
5.819123998662689701e-06
1.547832489013671875e-01
2.091253548860549927e-02
7.742522029730025679e-06
1.372025581076741219e-03
1.271727681159973145e-01
8.352812146767973900e-04
1.433059215545654297e+00
3.633954620454460382e-04
1.324868559837341309e+00
2.942056000000000000e+08
7.397246547043323517e-03
3.263791370500257472e-07
3.660597139969468117e-03
4.576683295454131439e-06
7.253673857121611945e-07
5.438370132446289062e+01
2.153627872467041016e+00
2.585264968872070312e+01
6.178068057138830227e-10
7.861191034317016602e-02
8.934227943420410156e+00
5.029089965820312500e+02
4.744726181030273438e+00
7.215226440429687500e+02
2.255525290966033936e-01
1.223817016601562500e+03
3.228914247088709999e-09
7.244268986766888574e-12
1.948478267621567284e-09
6.145820262400000000e+10
4.383037932598199404e-09
7.451266810676315799e-06
5.464429780840873718e-02
2.068453979492187500e+01
1.602333388291299343e-03
5.645821533203125000e+02
1.014313113500975305e-07
4.529867146629840136e-05
1.526654604822397232e-02
3.727595321834087372e-04
3.032549489301317180e-10
1.644192382812500000e+03
5.331275053322315216e-03
7.532963156700134277e-02
3.266668215928802965e-07
4.996968209743499756e-01
3.993064545682045718e-09
2.344927042722702026e-01
2.183955416512617376e-08
3.891369360076168959e-08
3.247615313739515841e-05
1.467321908421581611e-08
2.639323632812500000e+04
1.097258186340332031e+01
7.643321623618248850e-06
4.723127000033855438e-03
1.974870605468750000e+02
1.794833110579929780e-06
5.154180901523197633e-11
2.555723190307617188e-01
3.400595858238375513e-07
1.698732604980468750e+02
1.221070312500000000e+03
1.043089981079101562e+02
4.889328405261039734e-02
1.087930078125000000e+04
3.810514681390486658e-05
1.448114544944090198e-11
1.062593236565589905e-01
8.598860339048552959e-12
3.931973822091094917e-07
1.489581353962421417e-02
3.212349603840000000e+11
4.284338501747697592e-04
6.657855224609375000e+02
4.283949238015338778e-05
1.105107345581054688e+02
5.451523247756995261e-05
9.818509738579450641e-08
7.016603409404353897e-10
3.369348269188776612e-05
1.251211961061926559e-05
4.546603187918663025e-03
6.399568481445312500e+02
1.504895019531250000e+02
3.629463537439120424e-13
1.158939468837161257e-07
4.898387908935546875e+01
3.913929685950279236e-03
1.247390318894758821e-04
1.741199218750000000e+03
3.468126800000000000e+07
1.676405076977971476e-07
5.711014270782470703e-01
3.380831542968750000e+03
1.567224822141000118e-11
7.074306486174464226e-04
5.550688001676462591e-06
9.277727454900741577e-02
3.421745350351557136e-05
1.126479798330137783e-08
6.650561408605426550e-05
1.087610144168138504e-07
1.560040633194148540e-03
1.472051907330751419e-02
1.440122613320908800e+16
2.753839362412691116e-03
8.449900778941810131e-04
2.696282958984375000e+03
1.161870688548560793e-08
3.048360595703125000e+03
2.533326721732009901e-07
4.742600268059504742e-08
1.717413320931338028e-12
7.140568923205137253e-04
2.231205566406250000e+03
3.487689639314339729e-07
3.156366646289825439e-01
2.021970033645629883e+00
3.063887357711791992e-03
3.388913879394531250e+02
2.161046630859375000e+03
2.710716451304051589e-08
2.002047403948381543e-05
1.597079589843750000e+04
1.773506994595663855e-07
3.283738915342837572e-04
3.264340591430664062e+01
2.718269797696848400e-06
9.495303034782409668e-02
1.743435161188244820e-03
3.830122586805373430e-04
7.371021570889979557e-09
1.071971942400000000e+10
3.635550092440098524e-04
6.345309615135192871e-01
4.050171375274658203e-01
2.615959167480468750e+00
4.254541825503110886e-03
1.559454716471009306e-07
7.152235031127929688e+00
1.913276016712188721e-01
2.953750453889369965e-02
1.699628949165344238e+00
1.186074030101735843e-07
4.417020591063192114e-06
6.230175131349824369e-07
2.166756056249141693e-02
6.758509116938649086e-12
1.875007820129394531e+01
8.029487297278592450e-09
4.088359062500000000e+05
3.790470361709594727e+00
6.098993310388323152e-08
8.309917449951171875e+00
9.479107575316447765e-06
1.519334036856889725e-03
2.883125245571136475e-01
6.002870853990316391e-03
1.984776648589203774e-10
7.931616157293319702e-03
3.049404826015233994e-03
1.072561219334602356e-01
1.464983224868774414e+00
3.935014724731445312e+00
1.342073917388916016e+00
1.849519321694970131e-06
2.587050175861804746e-06
2.239305686950683594e+01
1.710439573798794299e-05
3.469188595772720873e-05
3.750012547243386507e-05
3.013373413085937500e+02
8.859283298079390079e-06
1.538025389891117811e-04
1.101717207347974181e-04
1.950714240000000000e+08
2.616850845515727997e-02
4.800592432729899883e-05
7.774464960697002880e-10
3.744869873046875000e+03
1.196636648277682458e-12
5.546911197029658069e-08
4.597789764404296875e+01
5.666078664035012480e-07
9.291431427001953125e+01
6.011502409819513559e-05
6.594419002532958984e+00
6.790910381823778152e-03
2.445775508880615234e+00
1.707937419414520264e-01
9.363259765625000000e+03
5.554611816406250000e+02
6.338192179100587964e-06
5.131306648254394531e-01
4.461930990219116211e-01
9.220930480957031250e+01
1.253699604421854019e-02
2.324757224414497614e-04
9.572577546350657940e-04
1.325438461208250374e-05
4.335291311144828796e-02
4.252658462524414062e+01
3.119969940185546875e+01
5.009157226562500000e+03
3.621601685881614685e-02
3.779052093477730523e-08
1.357798115350306034e-03
1.592852582400000000e+10
1.905557655845768750e-05
1.292362213134765625e+00
2.697755689951009117e-07
9.562957100570201874e-03
2.231303974986076355e-02
4.203762393444776535e-03
5.529029760509729385e-03
2.034478588029742241e-03
5.841677188873291016e-01
4.072407762123475550e-07
5.785109863281250000e+02
5.407772064208984375e+01
3.530275023422291270e-07
4.474514571484178305e-05
3.789729380514472723e-04
2.770146920738625340e-06
1.866547972895205021e-04
1.491429088673612569e-06
7.633249879290815443e-06
6.422203114198055118e-06
7.819084167480468750e+01
3.802472829818725586e+00
1.625947058200836182e-01
1.786171742423903197e-05
4.970662231445312500e+02
1.730533987283706665e-01
5.765639077282003200e-09
1.395889359656621309e-08
1.616268539428710938e+01
4.248467636108398438e+01
2.271037802259456839e-09
1.610435545444488525e-02
inf
3.623126031015999615e-05
3.065757080078125000e+03
1.292812011718750000e+03
1.536814272403717041e-01
8.852143946569412947e-05
8.805777724774088711e-06
1.179685791015625000e+03
2.471455186605453491e-02
3.640296220779418945e+00
3.508752683956117835e-07
2.206620275974273682e-01
1.143120025517418981e-04
2.703486870814231224e-06
1.262734008789062500e+03
8.237969130277633667e-02
1.682104349136352539e+00
1.547806978225708008e+00
2.960090332031250000e+02
3.767569523915881291e-06
4.743475074064917862e-05
6.993524730205535889e-02
2.771867980957031250e+02
1.949701293945312500e+03
5.542293090820312500e+02
1.188148000000000000e+06
2.082380774481862318e-07
5.035711728851310909e-05
3.898189149253994401e-08
9.405320452060550451e-05
4.285841807723045349e-02
5.605960031971335411e-04
5.818609520792961121e-02
3.363281725030400000e+13
4.166337384958751500e-05
8.050195674513815902e-07
4.611199983628466725e-05
3.439358115840000000e+12
9.306323528289794922e-02
5.340636000000000000e+06
6.946467328816652298e-04
7.533458119723945856e-05
4.448432312011718750e+02
3.555729500000000000e+06
2.838046231756800000e+13
1.079254055023193359e+01
3.353357911109924316e-01
2.689168701171875000e+03
5.444462294690310955e-05
6.247156998142600060e-04
9.670716285705566406e+00
1.249428460141643882e-04
1.860954762378241867e-05
3.362559154629707336e-02
6.353009049600000000e+10
4.742690658569335938e+01
3.989470303058624268e-01
2.196421812586016971e-16
2.370479345321655273e+00
1.376344871520996094e+01
5.845943689346313477e-01
1.355874633789062500e+03
5.438187233863800429e-09
2.873670496046543121e-02
1.764184814453125000e+03
1.119311562500000000e+05
4.847827739240528899e-08
2.493535634130239487e-03
2.821710146963596344e-02
3.236856460571289062e+01
1.353745269775390625e+01
1.846113920000000000e+09
2.212831695658223907e-08
1.497902587890625000e+03
6.964714732021093369e-03
5.872796918993117288e-06
2.724863879848271608e-04
1.207126464843750000e+02
1.519910526275634766e+01
5.340731004253029823e-04
3.685314879930956522e-07
9.285163879394531250e-01
1.331547729492187500e+03
6.234196189325302839e-05
2.935950469970703125e+01
1.376427244395017624e-03
5.210325471125543118e-04
1.361841219477355480e-03
3.459281562500000000e+05
6.356180645525455475e-03
6.392750151462678332e-07
3.011110675288364291e-05
5.969649064354598522e-04
5.189348459243774414e-01
3.716567531228065491e-02
1.214867711067199707e+00
1.338061035156250000e+03
3.038995200768113136e-04
8.455871138721704483e-04
9.380597621202468872e-03
8.732759356498718262e-01
6.915556732565164566e-04
9.630202112020924687e-05
5.357082486152648926e-01
4.927091504214331508e-05
3.156808376312255859e+00
1.541021811135578901e-05
5.688787219071400614e-10
2.431948269077111036e-05
1.140076160430908203e+01
3.438279113769531250e+02
1.073400402069091797e+01
2.763830934782163240e-06
2.149319516320247203e-05
2.627704816404730082e-05
1.375083593302406371e-05
1.279660608588528703e-07
8.562855468750000000e+04
1.292369910515844822e-03
1.159771159109368455e-06
5.252810058593750000e+03
3.083232513745315373e-05
1.330266830024129376e-08
1.203679520000000000e+08
3.028779428859706968e-05
5.434467773437500000e+03
1.057484132616082206e-05
4.191764648437500000e+03
1.279045136470813304e-05
3.847933840006589890e-05
1.009325589984655380e-02
1.573438286781311035e+00
6.562026132055523328e+19
4.643184503549946385e-09
1.476433943025767803e-03
7.740240107523277402e-06
2.594690013211220503e-04
9.363775461679324508e-07
5.062503041699528694e-04
1.009187940326228272e-06
4.118009044873360835e-08
1.124702066590543836e-06
7.808937807567417622e-04
5.246883392333984375e+00
1.356536017738108058e-06
6.220662307739257812e+01
4.775735760631505400e-06
1.431411254882812500e+03
6.546922028064727783e-02
3.250149488449096680e-01
5.468838382512331009e-03
1.116086030378937721e-03
8.978661894798278809e-02
2.561959028244018555e-01
5.370683036744594574e-03
2.047121370196691714e-06
7.723234011791646481e-04
1.904397737234830856e-03
8.064171142578125000e+02
4.858260452747344971e-01
3.367643594741821289e+00
6.485131452791392803e-04
7.584550781250000000e+02
1.608043039003081986e-11
2.084093634039163589e-03
7.242233306169509888e-02
1.068957397460937500e+03
1.989881740882992744e-03
1.885720640420913696e-01
4.329280462116003036e-03
1.245538711547851562e+00
1.772129178047180176e+00
5.894675850868225098e-04
2.021726608276367188e+01
3.806440232456687056e-11
4.613401477120000000e+12
4.643246484192786738e-06
6.091081013437360525e-05
2.395198350768623641e-08
2.161109878215938807e-04
1.390019893646240234e+00
7.200697064399719238e-02
2.130338689312338829e-04
4.016489640878972978e-10
4.270293914032663452e-07
2.401064193691127002e-06
2.192109357565641403e-03
1.845958286139648408e-05
1.147925415039062500e+03
4.712617797851562500e+02
2.674839477539062500e+02
2.180757075548171997e-01
4.320093154907226562e+00
4.526806259155273438e+01
1.877875518798828125e+02
4.624841303633377189e+29
9.523178100585937500e+00
3.148387670516967773e+00
2.452653281250000000e+05
3.510675014695152640e-05
5.262947411210916471e-07
3.972179740685533034e-07
2.213204650878906250e+02
1.306977391242980957e+00
1.130166769027709961e+00
4.268633425235748291e-01
1.483778305555460975e-05
2.890796976795506623e-11
1.774604902400000000e+10
3.080758703699615353e-10
2.023284789174795151e-03
5.331346511840820312e+01
1.590775937074795365e-04
5.435208007812500000e+03
3.230038564652204514e-03
1.989505141973495483e-01
1.245594234205782413e-03
2.003910958592314273e-05
9.569812391418963671e-07
6.383796997070312500e+02
5.049204081296920776e-02
5.391981933593750000e+03
5.192077951505780220e-04
7.526599787865961844e-09
8.072696157379599669e-12
6.782284344808431342e-06
7.807070016860961914e-02
3.697445297241210938e+01
6.494518280029296875e+01
1.488831884444152820e-07
2.548618774414062500e+02
5.848567485809326172e-01
2.050633085559638857e-08
5.896146717532246839e-07
5.918565200000000000e+07
9.880624318725494959e-09
1.498915068805217743e-02
4.674879594546155204e-09
1.566990104038268328e-04
1.017188333207741380e-05
4.706770997259246414e-14
3.951091200000000000e+07
1.284077588934451342e-04
1.046785910148173571e-04
2.590326219797134399e-02
3.828848648071289062e+01
3.687572106719017029e-02
4.775272827828302979e-05
4.072997558593750000e+03
1.037908908124718366e-13
3.752444311976432800e-02
1.498674321919679642e-02
3.560201378149940865e-08
7.515981793403625488e-01
3.224893298465758562e-04
2.982869284906541907e-09
7.296937401406466961e-04
2.915249430746058579e-10
2.089850306510925293e-01
1.585535526275634766e+01
4.509966011756461057e-10
5.192923545837402344e-01
3.664819335937500000e+01
2.442880868911743164e+00
8.248464951066125650e-07
2.361634251428768039e-04
6.267374157905578613e-01
2.824729335770825855e-06
1.079928362742066383e-03
9.803429245948791504e-03
2.197522007918450981e-05
3.836007118225097656e-01
1.219178157043643296e-04
4.468851122485517635e-10
1.807539537549018860e-02
7.653660759388003498e-06
4.020121826171875000e+03
3.342169150710105896e-02
8.661461994051933289e-03
2.118239179253578186e-03
7.770980591885745525e-04
3.439112243652343750e+02
3.387922668457031250e+01
3.404303267598152161e-02
1.941658410942181945e-06
1.303276803810149431e-04
1.364346309540298563e-11
4.186825663055060431e-06
1.043462816596729681e-06
1.135770872906505247e-07
3.924706485122442245e-03
7.560643280157819390e-05
7.682260125875473022e-03
2.041429281234741211e-03
1.928904663085937500e+03
7.579872436523437500e+02
1.710668206214904785e-03
2.437329769134521484e+00
8.241539072000000000e+09
9.979563903808593750e+01
5.522440915228798985e-05
2.335932804271578789e-03
3.825727360000000000e+08
9.029994845738257593e-16
1.436243182979524136e-04
4.532680130004882812e+01
1.105511426925659180e+00
2.382577210664749146e-01
1.482581377029418945e+00
3.587582397460937500e+02
8.437447509765625000e+02
9.991018774528000000e+12
1.580760908836964518e-06
9.988459944725036621e-02
8.471307158470153809e-02
1.081035588867962360e-03
1.665650000000000000e+05
6.696969503536820412e-04
8.531252853572368622e-03
3.586508512398722814e-07
2.472274354659020901e-04
1.311623378796866746e-07
2.401813864707946777e-02
1.786804914474487305e+00
8.139631245285272598e-04
8.120932006835937500e+02
6.564129638671875000e+01
2.879200134277343750e+02
3.379782140254974365e-01
2.004968413515939574e-09
2.792466897517442703e-03
2.954232394695281982e-01
1.480735559016466141e-02
1.702246814966201782e-01
6.459738922119140625e+01
1.130085120000000000e+09
1.053622256108610600e-07
1.209602146445831750e-06
5.929831875000000000e+05
2.601064807095099241e-06
1.272780323028564453e+01
4.044589027762413025e-02
1.036578509956598282e-02
2.750793157701991731e-07
6.697792530059814453e+00
1.595103474876416000e+15
1.430690944000000000e+09
2.931999973952770233e-03
4.837005326407961547e-05
1.249048828125000000e+03
1.033463204879077335e-15
1.116964370012283325e-01
7.972566038370132446e-02
2.310755320422686054e-07
2.383181571960449219e+00
4.607849267200000000e+11
1.376306438446044922e+01
1.960710375000000000e+06
6.727569270879030228e-04
3.297486875000000000e+05
1.670738356551737525e-07
6.707809925079345703e+00
6.619017221964895725e-05
2.076711177825927734e+00
3.988850861787796021e-02
1.296147047469276004e-06
4.655458724300842732e-06
1.207557664972824796e-10
1.398092663862371410e-08
8.078548125922679901e-03
1.421603637695312500e+03
5.803442763863131404e-05
1.060679089277982712e-03
2.360503970066929469e-08
4.553701364784501493e-05
5.037896855242252059e-08
1.012201877870211320e-07
3.718460723757743835e-02
1.816130825318396091e-03
1.078310132026672363e+00
3.073120250000000000e+06
3.159409284591674805e+00
6.228640995686873794e-05
8.648145943880081177e-03
1.730369625363437081e-08
1.482957159848474760e-11
3.686555922031402588e-01
1.481312779105792288e-06
1.521554412841796875e+02
4.454117640852928162e-02
2.420297387288883328e-04
3.580151977539062500e+02
1.294180488586425781e+01
5.524458247236907482e-04
8.009827882051467896e-02
8.104804229736328125e+01
1.815557708740234375e+02
3.012758636474609375e+01
5.458610132336616516e-02
1.994162797927856445e-03
6.838318658992648125e-04
2.747386395931243896e-01
2.280146789550781250e+01
2.246379386633634567e-03
2.370761194470105693e-06
7.244661254882812500e+02
2.560016000643372536e-04
2.204644584655761719e+01
2.361411621093750000e+03
1.377766012389258776e-09
7.202267500000000000e+06
2.457691192626953125e+01
3.474466502666473389e-02
6.709943991154432297e-03
4.399721728987060487e-05
2.314568031579256058e-03
1.409410156250000000e+03
7.916096597909927368e-02
1.497636551437650887e+32
2.041897216796875000e+03
2.441286444664001465e-01
1.987439155578613281e+00
1.178135722875595093e-01
5.688373505563504295e-08
6.956895958865061402e-05
1.436530590057373047e+00
1.350458115339279175e-01
7.625180482864379883e-02
1.425721801757812500e+03
2.077870303764939308e-03
2.342607453465461731e-02
6.670840529271471198e-12
1.620985276531428099e-04
1.445134053938090801e-03
3.567161858081817627e-01
9.096231460571289062e-01
3.096372529398649931e-04
6.256616325117647648e-04
6.319030944723635912e-05
3.345807999721728265e-05
1.836427688598632812e+00
3.745123744010925293e-01
1.349622031250000000e+05
2.581628039479255676e-02
1.309885501861572266e+00
6.528648790147072000e+16
7.102732411112810951e-07
4.219599068164825439e-01
1.403251644660485908e-05
3.739840909838676453e-02
3.954122588038444519e-02
7.859344005584716797e+00
4.429830005392432213e-04
9.436736450195312500e+02
7.571945190429687500e+02
3.220402240753173828e+00
1.300805713920000000e+13
4.784865836882090662e-07
1.763010397553443909e-02
7.668151624784513842e-07
3.757129516601562500e+02
6.052886247634887695e-01
1.579301059246063232e-02
1.120487414300441742e-02
1.562995971679687500e+03
1.953538972884416580e-03
1.879498672485351562e+01
7.347897554369189326e+32
1.201738357543945312e+02
2.444316783516057600e+16
6.983759999275207520e-02
2.815629959106445312e+01
2.298810169998333208e-10
1.644097566604614258e+00
1.889848022460937500e+03
2.878009981941431761e-04
4.594425678253173828e+00
1.398001313209533691e-01
1.627803612791467458e-05
5.688124971037211708e-10
8.967826481409701955e-12
9.387003735538142848e+29
1.409800609586397968e-09
1.860998198390007019e-02
5.444397460937500000e+03
1.240725479125976562e+02
1.173489990234375000e+03
8.828758291201665998e-05
4.425360355526208878e-03
1.375176061912952719e-08
2.253289184570312500e+02
1.185370605468750000e+04
9.684918040875345469e-05
1.743378295898437500e+02
3.639542818069458008e+00
5.367422485351562500e+02
6.915502837046005880e-08
6.209488213062286377e-02
2.720936667174100876e-03
7.261887192726135254e-01
3.199488639831542969e+00
3.397376985958544537e-06
1.944329071044921875e+02
1.460956782102584839e-01
7.426728725433349609e+00
8.083994629259905196e-08
4.898277819156646729e-01
8.094831466674804688e+00
3.164339796057902277e-05
2.324604541063308716e-01
1.322850286960601807e-01
4.836196875000000000e+04
2.154028472900390625e+02
2.349067051987674404e-10
1.358329296112060547e+00
1.367164794921875000e+03
7.181964889468872570e-08
2.006078414495959805e-09
2.411710796877741814e-03
1.857460447354242206e-04
2.136896836915517031e-15
1.875185519456863403e-01
1.317847752943634987e-03
3.444765184212883469e-08
1.236363004863960668e-05
3.963233439208124764e-07
3.895728290081024170e-02
2.445914001464843750e+02
2.042525939941406250e+02
2.604724373668432236e-03
