8.556346297264099121e-01
9.349328279495239258e-01
9.417077898979187012e-01
7.901977300643920898e-01
9.330860376358032227e-01
1.011578321456909180e+00
9.808527827262878418e-01
1.419731736183166504e+00
1.000328183174133301e+00
1.515327334403991699e+00
9.182364344596862793e-01
6.623697876930236816e-01
1.016709685325622559e+00
9.190293550491333008e-01
1.957174181938171387e+00
9.130436182022094727e-01
1.456203341484069824e+00
8.967216610908508301e-01
1.766909956932067871e+00
9.766227602958679199e-01
8.061603903770446777e-01
5.610364675521850586e-01
2.724252045154571533e-01
2.235841956021999977e-09
2.461056958225071867e-08
3.894479405630590918e-09
9.444200088637444424e-09
6.187680696712050121e-07
1.363610813213912351e-16
2.698618507385253906e+01
3.853190146509491432e-15
5.434346203282260835e-37
2.545970595804747383e-12
4.521771462985676657e-15
8.222018550441134721e-07
5.826941889822101248e-18
1.129218488931655884e-01
2.401512470736602220e-15
3.322647208643828367e-18
2.552794516086578369e-01
1.521497149951756001e-03
1.426062202453613281e+01
5.515352619056557160e-10
2.328884756942078539e-22
3.680168592836707830e-04
1.948200594103267371e-17
1.300885868072509766e+01
2.486609251839411172e-10
2.378691523783219648e-17
3.430380111912878505e-12
8.480918722852948122e-08
1.615476918903624437e-10
8.107557889492275644e-25
1.194840413518249989e-03
4.801499997597602487e-08
3.796794554535342666e-20
3.307322695421886536e-23
2.343740314245223999e-01
1.192333365906961262e-04
4.880614802222394881e-19
3.394710074644535780e-05
5.578874168188363569e-11
1.015551791966329276e-12
4.060966034558077808e-07
3.539748405501086381e-08
7.064121746225282550e-06
4.724360902486068881e-09
1.438418451016332256e-08
3.915078559657558799e-05
6.307890494774627904e-27
1.858552413675995337e-18
6.138349811085630492e-12
2.599354957055766135e-05
4.387388005852699280e-03
2.458021938800811768e-01
3.318098151794401929e-07
4.135586787015199661e-04
1.740293111652135849e-03
9.701825121055662748e-09
2.870011476060639263e-15
6.875539781958650565e-08
3.849422559142112732e-02
4.393533856728026876e-07
1.420471653545973822e-05
4.402567857080804247e-35
4.072708487510681152e-01
9.136361805994752672e-11
1.543128257537664569e-34
2.611536729091312736e-07
4.566587236537711646e-29
1.766630858182907104e-01
1.546958506185394135e-15
5.823990598732018201e-15
2.593992976471781731e-03
6.121463957242667675e-04
9.007272439021107857e-08
2.984765729011860361e-43
3.643386623932975477e-30
3.118870495200098958e-09
2.451733974784058838e-31
0.000000000000000000e+00
2.104244802960492006e-25
8.494474459439516068e-04
0.000000000000000000e+00
1.626883123593130171e-31
9.446335583925247192e-02
3.503523730011856137e-37
5.240133497864007950e-03
9.142293930053710938e-01
1.860099304631316113e-23
1.610593471923493780e-06
4.601490218192338943e-04
1.029289290308952332e-01
1.162480424520990081e-17
8.036936462401970071e-19
7.229559741972479969e-07
1.293974401050945744e-05
2.158487950509879738e-05
1.216336386278271675e-06
1.709474054223392159e-05
1.030126295376021517e-08
5.579417190502345799e-18
9.478893048253667075e-08
3.655723528936505318e-03
2.950380789116024971e-03
4.789073765277862549e-01
1.417102874256670475e-03
4.494635795708745718e-04
5.593183916062116623e-03
2.978297330979984281e-10
4.859557885754091871e-19
8.974119509730371647e-07
1.524745137430727482e-03
1.090945750474929810e-01
3.859561275021405891e-06
2.250115539936814457e-05
8.444955710729118437e-06
3.782394528388977051e-02
1.476664013289052946e-09
1.871754531748592854e-03
4.335465746407862753e-07
1.632143184542655945e-02
1.623394899070262909e-02
9.316840303394660259e-17
1.771419277929453528e-07
2.845000381057616323e-05
5.851258989423513412e-03
2.663568593561649323e-02
9.181930683553218842e-03
1.370423287634965143e-29
1.029398646323897992e-07
2.307531423866748810e-03
2.058401471003890038e-03
8.695072210684884340e-06
2.854114864021539688e-04
1.017716650631383078e-15
7.502215794374933466e-06
2.744466066360473633e+00
1.271090377122163773e-02
3.418927012078488401e-30
8.139815044216902606e-09
4.846162482863292098e-05
3.837715050191370233e-19
1.302352712842123547e-14
7.965939491987228394e-02
1.059907004237174988e-01
5.344026256352663040e-03
4.407288506627082825e-02
7.511489093303680420e-02
2.350597583244962152e-07
3.419580865034222447e-17
9.771247142165888702e-16
2.824783732648938894e-04
2.172786019937375762e-16
1.622432427066033194e-22
1.421720232117210880e-20
7.310079783201217651e-02
7.865041494369506836e-02
9.191537309050090698e-09
6.342611461877822876e-02
2.490785598754882812e+01
1.805567405861025453e-15
3.051638836041092873e-03
9.920202428475022316e-04
1.031372594297863543e-04
6.998820754233747721e-05
1.764193615684268163e-14
6.633041374718037397e-21
4.104384570382535458e-04
8.954782783985137939e-02
9.787411428987979889e-03
8.635512494947761297e-05
1.041838113451376557e-04
1.629775709943714901e-07
7.106783161958674100e-09
1.223770959768444300e-05
1.858498086221516132e-03
6.582061052322387695e-01
2.591221405633004621e-34
1.124167097413938666e-36
1.708621352140800000e+13
2.190680236816406250e+02
5.558441638946533203e+00
6.674861907958984375e-02
8.927309513092041016e-01
5.330166220664978027e-02
8.317271093750000000e+04
3.732830750000000000e+06
7.005743682384490967e-02
9.062120819091796875e+01
9.346798896789550781e+00
9.380260467529296875e+01
5.374040126800537109e+00
4.542015194892883301e-01
4.409095001220703125e+01
1.120845985412597656e+01
8.896710937500000000e+04
6.344312429428100586e-01
5.188193893432617188e+01
1.057992801070213318e-01
5.799382019042968750e+01
1.072256958007812500e+03
5.783260364800000000e+11
1.003587112426757812e+02
1.795270016000000000e+09
7.957685470581054688e+00
1.405431518554687500e+02
4.304494857788085938e+00
2.361284345388412476e-01
1.558493673801422119e-01
1.272979117949990524e-12
1.067442059516906738e+00
6.309154033660888672e+00
1.683884375000000000e+06
5.587653443217277527e-02
2.188977050781250000e+02
9.377961158752441406e-01
2.413843385875225067e-02
2.152366399765014648e+00
2.712692022323608398e+00
4.874991607666015625e+01
2.346511155200000000e+10
1.486951351165771484e+00
9.399313000000000000e+06
6.120134656000000000e+10
1.251693038940429688e+02
1.499588251113891602e+00
5.178862304687500000e+02
3.667645454406738281e+00
7.762631893157958984e+00
2.224937011718750000e+03
5.461489486694335938e+01
6.963463378906250000e+03
2.786122314453125000e+03
1.036471605300903320e+00
2.557227343750000000e+04
1.417290019989013672e+01
1.216494625000000000e+06
5.830085277557373047e-01
1.037047576904296875e+01
8.876057739257812500e+02
3.112366795539855957e-01
4.504941940307617188e+01
8.234143853187561035e-01
1.056904506683349609e+01
1.609058761596679688e+01
1.757569091796875000e+03
2.768983154296875000e+02
7.953252441406250000e+03
1.537548437500000000e+04
1.521112676709890366e-02
2.480872535705566406e+01
5.103758540800000000e+10
3.358036621093750000e+03
2.300078272819519043e-01
4.742639454781440000e+14
7.760684490203857422e+00
1.443980480000000000e+08
3.049733543395996094e+01
2.307178258895874023e+00
1.782916858792304993e-02
3.189483541063964367e-04
7.827351093292236328e-01
7.004467500000000000e+05
1.659704780578613281e+01
3.571413269042968750e+02
1.743236184120178223e+00
4.493231475353240967e-01
1.530393205939617474e-06
7.401025390625000000e+01
2.836844714693143032e-07
3.004020500000000000e+06
3.354215368744917214e-05
4.530564416199922562e-03
1.961307525634765625e-01
9.302474856376647949e-01
6.332281191134825349e-05
3.036491210937500000e+03
6.144187164306640625e+01
7.522468750000000000e+05
9.201008796691894531e+00
8.378207683563232422e-02
1.767448730468750000e+02
1.094363709440000000e+11
1.118542480468750000e+01
1.949174218750000000e+04
1.920067472383379936e-03
4.002470970153808594e+00
8.477554917335510254e-01
4.837396545410156250e+02
5.879981517791748047e+00
6.724941730499267578e-02
6.148709716796875000e+02
6.243785377591848373e-03
4.517295074462890625e+01
1.443950100000000000e+07
8.925834670662879944e-03
4.974300973117351532e-03
5.361185302734375000e+02
2.820294857025146484e+00
2.526417672634124756e-01
3.981201648712158203e+00
1.211600744742912000e+15
2.267543971538543701e-01
7.942552185058593750e+01
5.980458226986229420e-04
1.621839160156250000e+04
4.823906326293945312e+01
2.946664765477180481e-02
1.716884732246398926e+00
2.292215637862682343e-02
1.898717284202575684e+00
1.931415498256683350e-01
1.048365700989961624e-02
1.050246328125000000e+05
1.091358184814453125e+00
1.084558665752410889e-01
2.886728763580322266e+00
4.286506598400000000e+10
4.092776123046875000e+03
9.007925837067887187e-05
2.246138901682570577e-04
3.163307905197143555e-01
1.071739420294761658e-01
6.769118772353976965e-05
6.896810531616210938e-01
3.210201644897460938e+01
8.060572743415832520e-01
8.613791465759277344e-01
5.631915479898452759e-02
1.250850200653076172e+00
7.162513732910156250e-01
1.969617366790771484e+00
1.202873229980468750e+00
1.674457788467407227e-01
5.808025390625000000e+04
9.579437784850597382e-03
9.951115585863590240e-03
1.376166577438720000e+14
1.466129068285226822e-02
2.901516675949096680e+00
7.055758666992187500e+01
1.479483032226562500e+01
1.876611709594726562e+00
1.328400611877441406e+00
7.148576736450195312e+00
4.448052641237154603e-05
1.160459613800048828e+01
1.139114871621131897e-01
2.291044425964355469e+01
9.977442212402820587e-03
3.084109351038932800e-02
8.930932879447937012e-01
9.963860321044921875e+01
1.373642086982727051e+00
4.021284866333007812e+01
1.250808835029602051e+00
1.695202314294874668e-03
4.321858978271484375e+01
1.521034240722656250e+00
3.039192500000000000e+05
4.459047631826251745e-04
2.760372357442975044e-03
2.249508397653698921e-04
3.974101841449737549e-01
1.921289520263671875e+02
1.504950523376464844e+00
1.351743457031250000e+04
1.284419340663589537e-05
7.867839283200000000e+10
6.562821197509765625e+01
2.748188476562500000e+02
1.187748125000000000e+06
9.313711547851562500e+02
2.798137366771697998e-01
3.265104736328125000e+03
4.928722628392279148e-04
1.946743875741958618e-01
1.298875689506530762e+00
1.812530781250000000e+05
1.768640009686350822e-03
1.673733711242675781e+00
1.113425292968750000e+03
5.671009421348571777e-05
6.611800927203148603e-05
2.045508623123168945e+00
1.337411689758300781e+01
2.878174927900545299e-05
2.040731430053710938e+00
4.656344279646873474e-02
3.004593920000000000e+09
5.560664749145507812e+01
4.290184378623962402e-02
1.698254891380202025e-05
2.445278406143188477e+00
3.775846213102340698e-02
4.088214784860610962e-02
4.568187892436981201e-02
3.035117149353027344e+01
1.108040542602539062e+02
1.024756542968750000e+04
7.744082927703857422e+00
3.569886169433593750e+02
5.230014026165008545e-02
4.081251750000000000e+06
3.634088134765625000e+02
7.281831465661525726e-03
4.593038000166416168e-03
1.604164314270019531e+01
3.584476560354232788e-02
2.962574577331542969e+01
2.877289398272000000e+13
1.899401540867984295e-03
2.296056365594267845e-03
1.509289855957031250e+02
2.174489498138427734e-01
5.362144775390625000e+02
1.790761649608612061e-01
5.416602134704589844e+00
3.275982400000000000e+08
8.239229032369621564e-08
6.426460295915603638e-02
3.717820129394531250e+02
1.662977979322022293e-06
8.105646073818206787e-02
4.512236328125000000e+04
1.318571716547012329e-01
5.659629106521606445e-01
2.016590442508459091e-04
3.714120703125000000e+04
2.048984169960021973e-02
7.772314548492431641e-02
1.729566283756867051e-04
4.329862713348120451e-04
2.846658706665039062e+01
4.864053726196289062e+00
3.739470048458315432e-05
1.523257851600646973e+00
7.275648193359375000e+02
2.213474578857421875e+02
4.442121982574462891e+00
1.517185974121093750e+01
4.158648490905761719e+00
1.905619114950241055e-06
2.402344970703125000e+02
6.335456389933824539e-03
2.322908585483673960e-05
4.900411376953125000e+02
2.939833641052246094e+00
1.679555654525756836e+00
9.492174682617187500e+02
9.379792640000000000e+08
6.841733551025390625e+01
6.614504456520080566e-01
3.494392776489257812e+01
1.718422747217118740e-03
9.984727948904037476e-02
3.164342939853668213e-01
3.659956800000000000e+07
1.593889300000000000e+07
3.425130920410156250e+02
1.072934046387672424e-01
1.216154766082763672e+01
1.609454900026321411e-01
3.319077491760253906e-01
4.957448959350585938e+00
1.279371380805969238e-01
9.456596374511718750e+00
1.161856842041015625e+02
1.587548217773437500e+02
3.256379842758178711e+00
2.040121257305145264e-01
8.734564289625268430e-06
1.219660282135009766e+01
4.016751423478126526e-03
1.259087181091308594e+01
3.043171386718750000e+02
8.565253257751464844e+00
8.349269046448171139e-04
2.351251840591430664e-01
3.511213697493076324e-03
3.107408992946147919e-04
9.245786003475586767e-08
3.708424866199493408e-01
9.032092988491058350e-03
9.948297474693390541e-07
1.033662185072898865e-01
1.429986655712127686e-01
5.261679172515869141e+00
2.055674195289611816e-01
1.189243912696838379e+00
5.759928703308105469e+00
9.278058004480000000e+11
1.052788671875000000e+05
1.182251663208007812e+02
4.278059676289558411e-02
1.273989486694335938e+01
4.726699262391775846e-04
6.050890922546386719e+00
1.434308471679687500e+02
3.011635742187500000e+04
9.448903656005859375e+01
4.429255723953247070e-01
3.280549764633178711e+00
2.695776056498289108e-04
7.847665074223186821e-06
5.926483273506164551e-01
1.342107057571411133e-01
3.779682330787181854e-03
1.548544605611823499e-05
3.904028562828898430e-04
6.102134227752685547e+00
4.433313281250000000e+04
1.115977298468351364e-02
1.270465254783630371e+00
4.730655422946483668e-09
1.141915702819824219e+01
2.158090919256210327e-01
2.551321983337402344e+01
2.051079086959362030e-02
1.858557015657424927e-02
7.868875400163233280e-04
2.869731750488281250e+02
3.621165454387664795e-01
1.758797149658203125e+02
1.317339355468750000e+04
1.151174902915954590e+00
5.573660731315612793e-01
5.310913324356079102e-01
2.212290763854980469e+00
7.349906081799417734e-05
2.019156864000000000e+09
1.211417093873023987e-02
2.247707605361938477e+00
1.955574937164783478e-02
1.338271522399736568e-05
1.283318160000000000e+08
2.549026012420654297e-01
3.782587373279966414e-05
7.065614700317382812e+00
1.740267211914062500e+03
1.466189575195312500e+01
8.944598957896232605e-03
6.108725738525390625e+01
2.168835926568135619e-04
3.658033013343811035e-01
4.071058705449104309e-02
2.000939250000000000e+06
2.967088335026346613e-07
1.004490256309509277e+00
1.268362402915954590e+00
3.941475972533226013e-02
1.196969726562500000e+04
1.972566601562500000e+04
9.438353776931762695e-01
4.602073192596435547e+00
7.328605988732306287e-06
1.705973505973815918e+00
1.205570623278617859e-02
2.254006500244140625e+02
1.184893600000000000e+07
8.645164221525192261e-02
2.298550214618444443e-03
1.162601367187500000e+04
1.038275659084320068e-03
6.554822444915771484e+00
1.160729676485061646e-01
8.663905143737792969e+00
2.158254943788051605e-02
2.417697757482528687e-01
1.171042211353778839e-02
6.203908920288085938e-01
1.342671275138854980e+00
2.653819084167480469e+00
2.594090156250000000e+05
1.524389244877966121e-05
6.733725219964981079e-02
5.318426340818405151e-02
1.494300484657287598e+00
6.284929687500000000e+03
6.080278125000000000e+04
2.155715227127075195e+00
6.594795227050781250e+01
8.799743041992187500e+02
1.356889843940734863e+00
2.419769134521484375e+02
1.597067475318908691e+00
2.148142630176153034e-05
2.552932357788085938e+01
7.529519653320312500e+02
6.850009918212890625e+01
3.578550292968750000e+03
4.756013397127389908e-03
2.351896604523062706e-03
3.041645698249340057e-02
2.772985458374023438e+00
7.675363421440124512e-01
5.077558640209645091e-08
2.230858802795410156e+00
6.427214975701645017e-05
1.892171478271484375e+01
1.854048896348103881e-04
6.686673150397837162e-04
2.778968800000000000e+07
1.431645202636718750e+01
9.551645052852109075e-05
3.013065338134765625e+01
1.323022723197937012e+00
3.837074584960937500e+02
1.733658984375000000e+04
1.104715943336486816e+00
1.450501823425292969e+01
1.175820617675781250e+02
7.720112055540084839e-02
1.651365160942077637e-01
4.065463691949844360e-02
8.250376209616661072e-03
1.127844848632812500e+03
1.355483778752386570e-03
3.216737881302833557e-02
1.856285781250000000e+05
2.991271018981933594e+01
1.674932098388671875e+02
1.316076796501874924e-02
1.202571328125000000e+05
5.734193921089172363e-01
4.374695941805839539e-03
4.858040332794189453e+00
6.755964756011962891e+00
2.002114243805408478e-02
5.621117353439331055e-01
1.712447106838226318e-01
4.278038814663887024e-02
8.880933374166488647e-02
1.479193300000000000e+07
4.298353160265833139e-04
9.278827905654907227e-01
8.289985089504625648e-06
3.203950123861432076e-03
2.504138230108310381e-08
1.147287979125976562e+02
1.384651900000000000e+07
4.551036283373832703e-03
1.983002424240112305e+00
1.282320709228515625e+02
1.943358917236328125e+02
1.293839071877300739e-03
1.278034062124788761e-03
2.691823005676269531e+00
3.684331313706934452e-04
3.955870437622070312e+01
5.291787162423133850e-02
4.272493362426757812e+01
5.526101449504494667e-04
2.802263796329498291e-01
1.225379062816500664e-03
4.452610969543457031e+00
3.070760794798843563e-05
2.182168006896972656e+00
6.990325927734375000e+00
7.283067392000000000e+09
1.022267913818359375e+01
3.739468261718750000e+03
1.266736888885498047e+01
2.140823074370246104e-09
6.412949413061141968e-03
2.954953575134277344e+01
8.472175977658480406e-06
2.399517893791198730e-01
3.259317949414253235e-03
2.745617530308663845e-05
3.935625718440860510e-04
1.043594360351562500e+03
7.484940290451049805e-01
2.655153808593750000e+02
5.991721679687500000e+03
3.605778455734252930e+00
3.160329580307006836e+00
1.845371750000000000e+06
9.647624015808105469e+00
2.936341427266597748e-02
6.628189980983734131e-02
1.905803710937500000e+04
1.559231750434264541e-04
3.277119994163513184e-01
2.153664588928222656e+00
2.331099822185933590e-04
4.900267124176025391e-01
2.314752928214147687e-04
2.191773243248462677e-02
1.897476440429687500e+03
6.333115625000000000e+04
5.702680587768554688e+00
1.190852522850036621e-01
4.991004942667132127e-09
1.572871042299084365e-06
5.825382471084594727e-02
1.119039058685302734e-01
6.480703735351562500e+01
3.126296630859375000e+03
1.470774691551923752e-02
1.686918334960937500e+02
4.226259142160415649e-02
8.176094852387905121e-03
8.446165174245834351e-02
2.106138318777084351e-02
1.551338867187500000e+03
2.509295463562011719e+00
5.555036067962646484e-01
3.974617088000000000e+10
2.838267164406715892e-06
4.754007386509329081e-04
3.176556825637817383e-01
4.020986080169677734e+00
1.175999939441680908e-01
1.588537008501589298e-03
1.832377538084983826e-02
4.665878787636756897e-02
1.283817052841186523e+00
8.397888392210006714e-03
2.847271263599395752e-01
1.830865442752838135e-02
5.014154968261718750e+02
7.277733683586120605e-01
5.977969765663146973e-01
4.716457799077033997e-02
5.958862304687500000e-01
3.563501358032226562e+00
4.601017578125000000e+03
3.302056109532713890e-03
1.626957774162292480e+00
1.185423564910888672e+01
2.409292936325073242e+00
1.356911659240722656e-02
2.136577987670898438e+01
9.010150432586669922e-01
1.012567337602376938e-02
2.063544234260916710e-04
1.026448532938957214e-01
2.195218945312500000e+04
5.137601494789123535e-02
6.916793994605541229e-03
2.287270080000000000e+08
3.856275975704193115e-02
2.870301750000000000e+06
2.937333679199218750e+01
1.384922862052917480e-02
5.881456136703491211e-01
1.169538904832734261e-06
1.786961918696761131e-03
1.230072326660156250e+02
2.487782500000000000e+06
6.873940825462341309e-01
1.347515434026718140e-01
1.014356327056884766e+01
4.212878993712365627e-04
1.254782639443874359e-02
3.051571083068847656e+01
2.740923762321472168e-01
2.328142672777175903e-01
2.063334503173828125e+02
2.328654479980468750e+01
1.163824250000000000e+06
5.968095734715461731e-03
3.298443359375000000e+04
8.254401397705078125e+01
6.216655273437500000e+03
9.787628906250000000e+03
1.588240294836396060e-08
1.969125494360923767e-02
3.035603284835815430e+00
3.233322070312500000e+04
1.697825098290195456e-07
2.884163521230220795e-02
2.818971734086517245e-05
3.384503486358880764e-07
9.214093734044581652e-05
7.069019920891150832e-05
6.314459443092346191e-02
5.547656118869781494e-02
1.100817520000000000e+08
9.552333354949951172e-01
1.133038696289062500e+03
2.139200210571289062e+00
4.454580630408599973e-05
1.345316320657730103e-02
8.270202636718750000e+00
3.311183166503906250e+01
6.201421841979026794e-03
3.191518411040306091e-02
5.391185171902179718e-03
6.699154663085937500e+01
7.316342163085937500e+02
3.740337193012237549e-01
4.998912811279296875e+00
6.787458038330078125e+01
6.478607538156211376e-04
4.327700500488281250e+02
1.337077617645263672e+01
1.030869722366333008e+00
2.741543388366699219e+01
7.265875935554504395e-01
5.147690884768962860e-03
1.092794016003608704e-01
2.145418673753738403e-01
1.193269653320312500e+03
8.180381347656250000e+03
6.677165031433105469e+00
1.678138732910156250e+00
1.719520369078963995e-04
1.359567260742187500e+01
7.176384329795837402e-01
1.366166486604925012e-07
2.167838592529296875e+02
5.666114044189453125e+01
3.126526135019958019e-04
6.648471355438232422e+00
3.332292968750000000e+04
3.443458080291748047e+00
8.025594055652618408e-03
2.329455001600000000e+10
1.352599945068359375e+02
5.863991737365722656e+00
1.030879378318786621e+00
6.618702900595963001e-04
7.879117584228515625e+01
1.695155525207519531e+01
7.084065079689025879e-01
5.297293500000000000e+06
1.977977007627487183e-01
1.411574080000000000e+08
3.077597379684448242e+00
1.591173632000000000e+09
2.609590768814086914e+00
3.163759782910346985e-02
3.050702251493930817e-02
9.483769536018371582e-03
1.169111877679824829e-01
3.449537277221679688e+01
5.162430927157402039e-03
5.906442403793334961e-01
2.122272853739559650e-04
1.175868557766079903e-03
1.180645920000000000e+08
2.462774573359638453e-04
5.192634853301569819e-05
9.200702152156736702e-06
6.524322509765625000e+02
2.220864105224609375e+02
6.969717331230640411e-03
1.824289709329605103e-01
1.293326091766357422e+01
6.804055571556091309e-01
6.510965820312500000e+03
9.262098750000000000e+05
4.587272949218750000e+02
1.035511959344148636e-02
4.311113059520721436e-02
3.039839744567871094e+01
2.006221115589141846e-01
5.787720680236816406e-01
1.463380761718750000e+04
3.065551519393920898e-01
1.113897305913269520e-03
4.045337890625000000e+03
7.756074070930480957e-01
2.220193847656250000e+03
8.887225762009620667e-03
4.495975002646446228e-02
1.273935468750000000e+05
5.810155868530273438e+01
1.843321609497070312e+01
1.518938255310058594e+01
3.444386959075927734e+00
3.738451923709362745e-04
4.425649822223931551e-04
2.224772721529006958e-01
5.242793457031250000e+03
5.367601871490478516e+00
1.244869125000000000e+06
6.939168750000000000e+04
9.566110372543334961e-01
3.317913818359375000e+01
3.813866785996800000e+13
1.214389409869909286e-02
1.897646486759185791e-02
5.634672641754150391e+00
3.609037780761718750e+02
1.030662822723388672e+01
6.503331661224365234e-02
1.478951331228017807e-02
1.377088017761707306e-02
9.608726948499679565e-02
3.037267500000000000e+05
3.353166198730468750e+02
3.268195688724517822e-02
4.392007680000000000e+09
6.284676492214202881e-02
1.437122773495502770e-05
1.167257308959960938e+02
2.917542219161987305e+00
1.181025314331054688e+02
3.187201660156250000e+03
2.442371333017945290e-04
9.143716096878051758e-01
1.704775810241699219e+00
5.792756652832031250e+01
4.581836611032485962e-02
2.284384155273437500e+01
1.462513059377670288e-01
3.900852203369140625e-01
1.087722554802894592e-01
1.376566040039062500e+03
5.067749633789062500e+02
1.410034298896789551e+00
3.346650898456573486e-01
1.675863265991210938e+01
4.788996884599328041e-04
4.940286636352539062e+00
3.183087408542633057e-01
1.579740905761718750e+01
5.658001464843750000e+03
1.184353542327880859e+01
1.632911300659179688e+01
3.616473565060118744e-09
5.807983502745628357e-02
1.944718593750000000e+05
6.477024555206298828e-01
6.009330172673799098e-05
2.324945926666259766e+00
6.388969719409942627e-02
3.658340454101562500e+01
8.756458163261413574e-01
3.330622613430023193e-01
2.470408827066421509e-01
1.939162931200000000e+10
4.977777957916259766e+00
4.357371330261230469e+00
5.660160064697265625e+00
5.608964056591503322e-05
1.398250311613082886e-01
4.234728813171386719e-01
1.423229217529296875e+01
1.405683750000000000e+06
2.805227041244506836e-02
5.617410888671875000e+02
7.026300430297851562e-01
9.989383816719055176e-02
1.281237244606018066e+00
1.539149250000000000e+06
1.806026250123977661e-01
1.812569098547101021e-04
1.875685750000000000e+06
1.361480407714843750e+02
8.119612000882625580e-03
3.287136459350585938e+01
3.020362555980682373e-01
1.029550284147262573e-01
4.179493486881256104e-01
1.636779494583606720e-02
1.080653513781726360e-03
6.637414097785949707e-01
3.704347991943359375e+01
1.829886132812500000e+04
5.561312660574913025e-03
2.532607140892650932e-05
7.825050950050354004e-01
3.075092468261718750e+02
9.642374420166015625e+01
5.754549789428710938e+01
1.128029541015625000e+03
1.208330868394114077e-04
4.405503161251544952e-03
2.636834859848022461e+00
7.443565875291824341e-03
4.486876953125000000e+04
2.246688365936279297e+00
3.324464336037635803e-02
4.886155948042869568e-04
8.561254501342773438e+00
9.476126670837402344e+00
8.712255209684371948e-02
4.379768654416693607e-07
5.853320544702000916e-05
1.323066406250000000e+02
5.476661920547485352e-01
5.828087404370307922e-02
8.769462585449218750e+00
7.296950817108154297e-01
3.631306753959506750e-04
2.930174332504975609e-06
8.355301804840564728e-03
5.010757595300674438e-02
1.210794162750244141e+01
8.249844726562500000e+03
3.619428898673504591e-04
2.344991943359375000e+03
3.834581136703491211e+00
3.877607107162475586e+00
8.789447784423828125e+00
7.133294275263324380e-05
8.052639365196228027e-01
1.121479199218750000e+04
1.342044472694396973e-01
1.226028823852539062e+01
2.330108545720577240e-02
1.007792889140546322e-05
1.071344967931509018e-02
2.782714843750000000e+03
9.038599091582000256e-05
9.924410842359066010e-03
4.679761826992034912e-01
1.502522752000000000e+09
1.986700892448425293e-01
2.183356761932373047e+00
6.307125687599182129e-01
4.533564758300781250e+02
9.145046472549438477e-01
3.494657285045832396e-04
2.398774147033691406e+00
4.416669433593750000e+03
1.316293954849243164e+00
1.471729278564453125e+01
1.803759002685546875e+01
5.769481062889099121e-01
2.034548670053482056e-03
1.285123586654663086e+00
9.443953633308410645e-02
2.360375225543975830e-01
7.492903232574462891e+00
6.282015237957239151e-03
4.507987177930772305e-04
7.815146636962890625e+01
2.309300661087036133e+00
1.417909657600000000e+10
2.492639422416687012e-01
4.798616468906402588e-01
7.727429389953613281e+00
2.462344551086425781e+01
1.635961914062500000e+03
2.706358022987842560e-02
1.641337966918945312e+01
5.822987747192382812e+01
1.054527331143617630e-02
1.539249145507812500e+03
2.856074496000000000e+09
1.754572391510009766e-01
5.269994959235191345e-02
1.506470609456300735e-03
2.466041755676269531e+01
5.274936676025390625e+01
3.865393251180648804e-02
3.816101837158203125e+01
3.529861271381378174e-01
4.747595489025115967e-01
2.762993097305297852e+00
4.523251950740814209e-02
1.819737255573272705e-03
2.124788055419921875e+02
3.184095382690429688e+00
2.425521679687500000e+04
4.258812561035156250e+02
3.756830119527876377e-04
1.291902954101562500e+03
1.917325897216796875e+02
1.950228027999401093e-02
1.199882011860609055e-02
4.339907169342041016e+00
1.570931635797023773e-03
3.367659449577331543e-02
5.117499083280563354e-02
3.207678091712296009e-04
9.768434613943099976e-02
6.030050292968750000e+03
1.233656890690326691e-03
8.339411132812500000e+03
5.193702600081451237e-05
1.032622098922729492e+00
5.052816495299339294e-02
9.975297749042510986e-02
7.317360687255859375e+01
5.989432334899902344e-02
6.751684937626123428e-03
5.161596089601516724e-02
1.398145128041505814e-02
1.322623906250000000e+05
2.439512871205806732e-03
6.186036625877022743e-05
2.003684081137180328e-02
3.460237011313438416e-02
1.727167367935180664e-01
9.598685801029205322e-02
2.229596674442291260e-02
3.520196199417114258e+00
5.298120021820068359e+00
3.374773636460304260e-02
1.182872924804687500e+02
3.888659775257110596e-01
2.013334631919860840e-01
4.320011436939239502e-01
2.216745018959045410e-01
3.476653713732957840e-03
4.930271148681640625e+01
5.390684586018323898e-03
8.919124229578301311e-05
3.890188643708825111e-03
1.348361223936080933e-01
5.609326958656311035e-01
7.556018744026005152e-08
2.695274353027343750e+02
2.169444710016250610e-01
3.451275390625000000e+03
1.025323510169982910e+00
1.793665618896484375e+02
2.020302694290876389e-03
5.314597650851737853e-09
1.059366345405578613e+00
1.312308199703693390e-02
2.872165641747415066e-04
1.939255853056000000e+12
9.239434242248535156e+00
1.151128292083740234e+00
6.404359824955463409e-03
4.038757178932428360e-03
2.183765172958374023e-01
1.955532646179199219e+01
3.837021589279174805e+00
2.661843551322817802e-03
3.997175991535186768e-01
1.247442094609141350e-03
6.912484169006347656e-01
2.224544368800707161e-05
7.681452636718750000e+02
3.592486572265625000e+01
3.155477294921875000e+02
5.837133178710937500e+02
1.121326022257562727e-06
2.360422909259796143e-01
1.809734497070312500e+02
9.209679961204528809e-01
1.734110713005065918e-01
3.425086106290109456e-05
1.304072156926849857e-07
9.933125376701354980e-01
2.738563776016235352e+00
1.666403656005859375e+02
1.941181399160996079e-04
6.111535034179687500e+02
5.200661420822143555e-01
5.061064958572387695e-01
1.049762954711914062e+02
6.725250244140625000e+01
1.759814471006393433e-01
5.236656665802001953e+00
9.553663432598114014e-03
3.790789687500000000e+05
2.451890373229980469e+01
3.544818609952926636e-03
3.912808609008789062e+01
3.147081756591796875e+01
4.109297879040241241e-03
6.295969257053002366e-08
3.710905273437500000e+03
3.076366186141967773e-01
1.115718623623251915e-03
1.702383544921875000e+03
1.403622515499591827e-02
1.874221625000000000e+06
6.566288881003856659e-03
2.139934778213500977e+00
1.079777211998589337e-04
6.539314985275268555e-01
7.996978610754013062e-02
2.312742726644501090e-04
3.597321271896362305e+00
7.173713296651840210e-02
2.946481054687500000e+04
8.067948913574218750e+01
3.312458992004394531e+00
7.437796592712402344e+00
3.150013387203216553e-01
1.835922151803970337e-01
1.235992908477783203e+01
1.220322370529174805e+00
5.932638645172119141e+00
2.756048965454101562e+01
7.133741632969758939e-07
1.383735351562500000e+02
2.804490234375000000e+04
1.957221150398254395e+00
1.196869969367980957e+00
3.979519605636596680e+00
3.017132621607743204e-05
4.795962870121002197e-01
2.333268184884218499e-06
1.199697726406157017e-04
3.157945573329925537e-01
1.424613094329833984e+01
4.842534661293029785e-02
1.249393157958984375e+02
2.554776892066001892e-02
1.936527729034423828e+00
3.548814356327056885e-02
3.125844523310661316e-02
4.316478371620178223e-01
1.210558984375000000e+05
2.151468396186828613e-01
3.075987398624420166e-01
1.025062942504882812e+01
2.739874180406332016e-03
1.834775088354945183e-03
9.625589475035667419e-03
6.550677881023148075e-06
3.243497386574745178e-02
4.398756660521030426e-03
2.158132614567875862e-03
2.393752968750000000e+05
2.279473724365234375e+02
6.857431959360837936e-03
4.260402347426861525e-04
2.569257318973541260e-01
1.604935526847839355e-01
3.354529380798339844e+00
3.078758084029686870e-07
6.985414415794366505e-07
9.864724415820091963e-05
4.787224903702735901e-02
4.338892996311187744e-01
2.005411088466644287e-01
2.711254692077636719e+01
1.717389374971389771e-01
1.291659474372863770e-01
3.641711315140128136e-03
6.249476671218872070e-01
7.697741031646728516e+00
8.060563659667968750e+01
1.969408480000000000e+08
5.067167148808948696e-05
7.902410626411437988e-01
1.307939887046813965e-01
6.634781602770090103e-03
3.482219750000000000e+06
4.781860485672950745e-02
2.751728147268295288e-02
2.861582000000000000e+07
1.025069609375000000e+05
1.174985081888735294e-03
1.892109125000000000e+06
2.933589744567871094e+01
1.451211929321289062e+00
7.820601126695692074e-07
7.124000228941440582e-03
6.695657812500000000e+04
2.384903907775878906e+01
3.119660973993632069e-08
1.641215324401855469e+00
1.295320224016904831e-03
2.118409000000000000e+06
3.442180871963500977e+00
3.861317000000000000e+06
4.939558948535704985e-06
4.891703414916992188e+01
3.012192964553833008e+00
8.727241074666380882e-04
1.410558586940169334e-03
1.629488220214843750e+02
6.475802791116800000e+13
6.886322051286697388e-02
3.368823975324630737e-02
3.678103360000000000e+08
1.057168554687500000e+04
3.965091705322265625e+01
4.300989564498536311e-10
4.307047843933105469e+00
2.910932779312133789e+00
5.742904186248779297e+00
5.639826171875000000e+04
4.551915917545557022e-04
1.639110781252384186e-02
5.237327888607978821e-02
5.412923201220110059e-05
9.025242761708796024e-04
7.031665325164794922e+00
1.928095117187500000e+04
7.597930729389190674e-02
3.446478750000000000e+05
3.924089542124420404e-04
7.256085872650146484e-01
2.583101987838745117e-01
3.277660533785820007e-02
7.402503125000000000e+04
2.332998292331467383e-07
2.527902424335479736e-01
7.781443481445312500e+02
1.381672045681625605e-04
4.556179940700531006e-01
1.344695329666137695e+00
2.159741370633128099e-06
1.334860160000000000e+08
1.845158767700195312e+01
4.947866821289062500e+01
1.366408169269561768e-01
4.739337600767612457e-03
9.379116818308830261e-03
7.707705663051456213e-06
6.999488000000000000e+09
3.337290191650390625e+01
1.720121013931930065e-03
1.586716422963200000e+13
1.778999633789062500e+02
9.178318381309509277e-01
3.832847290039062500e+02
7.831846177577972412e-02
8.409377336502075195e-01
1.284814238548278809e+00
5.153628811240196228e-02
3.455683593750000000e+02
4.029443953186273575e-03
1.993647583007812500e+03
1.322365738451480865e-02
7.726981447680000000e+11
2.616971731185913086e+00
3.233671350244549103e-06
1.094396793632768095e-05
3.049015000000000000e+05
2.610244375000000000e+05
1.274511241912841797e+01
1.884077429771423340e+00
3.051752624511718750e+02
3.050755476579070091e-03
4.358027279376983643e-01
2.695349365234375000e+03
4.499694406986236572e-01
9.833548574533779174e-06
5.833265380859375000e+02
2.609399845823645592e-03
2.875794176000000000e+09
6.683161718750000000e+04
4.273506164550781250e+00
4.498074203729629517e-02
1.940703485161066055e-03
9.874596093750000000e+04
2.204425000000000000e+04
2.081931877136230469e+01
7.097537231445312500e+02
9.483107421875000000e+03
9.850339591503143311e-02
3.546430170536041260e-01
5.777709484100341797e-01
6.558644236065447330e-04
1.783237621566513553e-06
6.275272369384765625e-01
2.711321418137600000e+13
9.837721586227416992e-01
6.678513050079345703e+00
5.186879375000000000e+05
2.274761348962783813e-02
9.331751098632812500e+02
4.490129089355468750e+01
2.665196061134338379e-01
8.417617797851562500e+01
2.792493999004364014e-01
1.329442858695983887e-02
2.678954115253873169e-05
4.065131633979035541e-06
2.643994390964508057e-01
1.001194596028653905e-05
4.657228663563728333e-02
9.666195182944647968e-06
1.480712890625000000e-01
4.180436134338378906e+00
7.238856500000000000e+06
2.430637948691583006e-07
7.958401203155517578e+00
1.398108527064323425e-02
2.694974708557128906e+01
8.044316768646240234e-01
2.078350646444032000e+15
1.335377898067235947e-02
1.064656302332878113e-03
8.140263147652149200e-03
8.681365386035200000e+13
3.568709120000000000e+08
2.618853759486228228e-04
3.691071469802409410e-06
4.455396484375000000e+04
3.915796279907226562e+01
6.896184082031250000e+02
1.383497472852468491e-02
3.659393314592307433e-06
2.371659667968750000e+03
1.319936814070388209e-06
1.061361217498779297e+01
1.870648080881665010e-09
2.964389044791460037e-03
3.766429931640625000e+03
1.054059677124023438e+02
5.080370937500000000e+05
4.453331756591796875e+01
5.645579844713211060e-02
1.610925292968750000e+03
3.221032381057739258e+00
6.976253986358642578e-01
9.824128177626789693e-09
4.026405029296875000e+02
9.467136409600000000e+10
9.444130897521972656e+00
4.564637318253517151e-02
5.169304013252258301e-01
8.777372241020202637e-01
1.961572415893897414e-04
6.639383792877197266e+00
3.696135330200195312e+01
1.977057593194331275e-07
7.963596843183040619e-03
1.422497630119323730e-01
1.895783042907714844e+01
1.518320274353027344e+01
4.304947265625000000e+03
3.517966747283935547e+00
1.258897949218750000e+04
3.600721600000000000e+08
3.622824478149414062e+01
4.400952719151973724e-03
2.816704256000000000e+09
3.532688617706298828e+00
4.078055200000000000e+07
5.177027583122253418e-01
9.870345830400000000e+10
2.292446851730346680e+00
2.158294773835223168e-05
7.529784925282001495e-04
2.392934880000000000e+08
3.043094475287944078e-04
5.041841864585876465e-01
2.168584899902343750e+02
1.552427602291572839e-05
1.557658195495605469e+01
9.732109904289245605e-01
2.123468928039073944e-02
1.959318280220031738e+00
1.515383398437500000e+04
2.743439197540283203e+00
8.972586691379547119e-02
6.162565307617187500e+02
1.929340527340173139e-07
1.781609526574357005e-08
1.519378066062927246e+00
3.414699792861938477e+00
1.900354919433593750e+02
7.051818817853927612e-02
9.692521691322326660e-01
7.465571630746126175e-03
1.007431182861328125e+02
4.339772760868072510e-01
8.874555587768554688e+00
1.922295288085937500e+03
1.042109355330467224e-01
1.336793228983879089e-02
4.685915410518646240e-01
3.422258669161237776e-05
3.551939968019723892e-03
3.640741705894470215e-01
1.035788536071777344e+00
2.304801018908619881e-03
8.255912800000000000e+07
2.357232588110491633e-04
4.532290250062942505e-02
1.020686933770775795e-03
6.062734127044677734e-01
2.224578056484460831e-03
2.469418287277221680e+00
5.955634987913072109e-04
4.352272953838109970e-03
7.799488492310047150e-03
2.428170591883827001e-05
7.503184676170349121e-01
3.441243886947631836e+00
1.169377517700195312e+01
5.876293760000000000e+08
3.816075150098185986e-06
9.658470749855041504e-03
3.103899002075195312e+00
5.630797240883111954e-03
2.949545312500000000e+04
4.396253498271107674e-04
2.098719940185546875e+02
3.527724914550781250e+02
3.971449623350054026e-04
4.743841476738452911e-03
7.232570800781250000e+02
1.796012669801712036e-01
5.929319858551025391e-01
1.180869936943054199e+00
2.620460510253906250e+00
3.766785812377929688e+01
2.717992248535156250e+02
5.739795789122581482e-02
2.867221534252166748e-01
1.325687313079833984e+01
4.464714322239160538e-03
2.646213109747108660e-11
6.095075607299804688e-02
2.493287168000000000e+09
1.640580200000000000e+07
2.400204306468367577e-03
4.854560270905494690e-02
1.523486338555812836e-03
1.693535534030843337e-09
2.703153920000000000e+09
4.730954393744468689e-02
3.853076696395874023e-02
1.012694644927978516e+01
4.247805103659629822e-02
8.785187453031539917e-02
3.661438281250000000e+04
2.285997772216796875e+01
1.834425032138824463e-01
8.684094726562500000e+03
4.213649749755859375e+00
1.619667053222656250e+02
2.686636200000000000e+07
5.073133300781250000e+03
4.382097176858223975e-05
2.986159408465027809e-03
6.338508129119873047e+00
4.584596354106906801e-06
2.477077692747116089e-01
1.068998535156250000e+04
2.474048614501953125e+02
1.679687375144567341e-05
2.951591312885284424e-01
1.318472553975880146e-03
4.151134565472602844e-02
1.656341314315795898e+00
2.827563285827636719e-01
8.459683726869116072e-07
2.154689550399780273e+00
1.059303760528564453e+01
1.457765102386474609e-01
1.524064086914062500e+03
1.171962261199951172e+00
1.055843811035156250e+02
2.911802766902837902e-06
3.517540359497070312e+01
3.593058586120605469e-01
1.687091064453125000e+01
1.546729183197021484e+01
5.110875701904296875e+01
3.546458855271339417e-02
2.483673840761184692e-01
9.421127289533615112e-02
1.073504394531250000e+04
3.233497924804687500e+02
3.061176513671875000e+03
1.908975653350353241e-02
1.043236441910266876e-02
1.283557128906250000e+02
5.150965576171875000e+02
6.841205176897346973e-04
1.506127119064331055e+00
8.452600752661965089e-08
8.445562000000000000e+06
9.252399206161499023e-03
2.126872500000000000e+05
7.261881232261657715e-01
3.586673736572265625e+01
7.395223142400000000e+10
8.049547656250000000e+04
7.508236765861511230e-01
5.831298418343067169e-03
5.662805557250976562e+01
1.344577431678771973e+00
2.176058006286621094e+01
2.123459801077842712e-02
5.241465714789228514e-06
2.264954185485839844e+01
2.399979591369628906e+00
3.973105049226433039e-05
2.235514484345912933e-02
4.208972211927175522e-03
8.236242830753326416e-02
4.431326524354517460e-04
1.061149520874023438e+02
2.403891235589981079e-01
2.055259421467781067e-03
2.872368164062500000e+03
3.454012870788574219e-01
5.644160555675625801e-04
2.603281755000352859e-04
1.388672143220901489e-01
4.026824250000000000e+06
8.007368072867393494e-03
2.347878144000000000e+09
6.051972866058349609e+00
5.273825454711914062e+01
3.084234297275543213e-01
1.797829940915107727e-02
3.421072959899902344e-01
8.959440612792968750e+01
1.126764789223670959e-01
5.763591732829809189e-03
4.002293944358825684e-02
5.904665374755859375e+01
1.405042724609375000e+02
9.227928519248962402e-01
1.241482049226760864e-02
9.027031774166971445e-05
4.929557800292968750e+00
7.948167324066162109e-01
5.536816388485021889e-05
1.191671371459960938e+01
9.794019162654876709e-03
2.630061544550699182e-06
3.070112783461809158e-03
1.156936526298522949e+00
1.176246047019958496e+00
3.627406005859375000e+02
2.620421200000000000e+07
4.731001332402229309e-02
2.005331916734576225e-03
6.671227264404296875e+01
6.874642372131347656e+00
3.169458825141191483e-03
9.405157000000000000e+06
1.728438958525657654e-02
8.380128145217895508e-01
6.842304486781358719e-03
1.388214150210842490e-04
3.556862473487854004e-01
3.931942209601402283e-02
1.519219116210937500e+03
6.911310553550720215e-02
4.533514082431793213e-01
9.508412331342697144e-04
1.942376024089753628e-03
2.446784500000000000e+06
7.086188346147537231e-02
4.911355674266815186e-02
9.865580352652614238e-08
1.283649531250000000e+05
5.418631434440612793e-01
7.547410583496093750e+01
2.035885156250000000e+04
1.236296072602272034e-02
2.800999414062500000e+04
1.907532103359699249e-03
3.304719421485875200e+16
8.472758345305919647e-04
3.973697125911712646e-02
3.576436638832092285e-01
5.232904478907585144e-02
3.741559088230133057e-01
1.670086026191711426e+00
5.990265890432056040e-06
1.426652166992425919e-02
5.398802280426025391e+00
2.135013671875000000e+04
2.826614945661276579e-04
1.793117374181747437e-01
9.079324081540107727e-03
5.150263896211981773e-04
1.249040961265563965e+00
5.801766395568847656e+00
4.020591452717781067e-02
1.155289937742054462e-03
3.088742792606353760e-01
1.074327901005744934e-02
1.762304123076319229e-06
1.913129234313964844e+01
2.367697296142578125e+02
8.801914518699049950e-04
6.911465898156166077e-03
7.433696389198303223e-01
1.583323478698730469e+01
5.408483886718750000e+01
2.468297004699707031e+00
2.839079797267913818e-01
2.016461753845214844e+01
1.180506300000000000e+07
1.655705664062500000e+04
6.258601074218750000e+02
1.648436326400000000e+10
8.886545401765033603e-05
6.528572082519531250e+01
6.244781970977783203e+00
7.198114872153382748e-06
1.732107177734375000e+03
1.476010036468505859e+01
9.187045312500000000e+04
5.515916347503662109e-01
1.742669677734375000e+02
8.514313507080078125e+01
1.097087282687425613e-02
2.482569016137858853e-06
1.917465591430664062e+01
6.015235781669616699e-01
3.017471289062500000e+04
3.398720502853393555e+00
5.570128802645513133e-10
1.365992939099669456e-03
3.823275119066238403e-02
5.468859033190400000e+13
3.560501337051391602e-01
8.661713451147079468e-03
9.936828613281250000e+00
7.153891324996948242e-01
7.746797055006027222e-04
9.825334548950195312e+00
2.206977903842926025e-01
5.546644973754882812e+01
1.811633911132812500e+02
2.897733926773071289e+00
1.480955183506011963e-01
6.484233745140954852e-05
1.203588366508483887e+00
9.602053069102112204e-06
5.540652200579643250e-03
2.772166393697261810e-02
4.323442382812500000e+02
6.559109210968017578e+00
5.502858130057575181e-06
5.661512756347656250e+01
4.015861824154853821e-02
7.495331054687500000e+03
2.606931142508983612e-03
1.477269232273101807e-01
1.524033641815185547e+01
2.635591442867735168e-07
4.904747903347015381e-01
2.866435348987579346e-01
1.140587158203125000e+02
3.510648046875000000e+04
7.502773125000000000e+05
5.080738104879856110e-03
8.415222764015197754e-01
1.203515937500000000e+05
2.864980220794677734e+00
1.695123481750488281e+01
3.853655471175443381e-06
1.953827258368000000e+12
2.020444480876903981e-05
1.099340677261352539e+00
4.101502418518066406e+00
3.609591293334960938e+01
1.635003276169300079e-02
2.835655212402343750e+01
1.562340927124023438e+01
4.392894357442855835e-02
8.273044471707180492e-08
8.317062565765809268e-06
9.165730285644531250e+01
1.994747435674071312e-06
4.043707275390625000e+01
6.530105471611022949e-01
1.290179044008255005e-02
1.966078369140625000e+03
7.776487618684768677e-03
1.315420959144830704e-02
9.760948159964755177e-06
5.083924406790174544e-06
5.270553083391860127e-05
3.907618408203125000e+02
4.052703268826007843e-03
9.240514785051345825e-02
2.225227355957031250e+01
3.208685159683227539e+00
7.250389549881219864e-03
8.634933829307556152e-01
2.032957920000000000e+08
9.743910625000000000e+05
7.631770968437194824e-01
6.987619018554687500e+01
3.311197593600000000e+10
1.766714477539062500e+02
5.961873200000000000e+07
1.016672897338867188e+01
3.508836030960083008e+00
3.551087617874145508e+00
1.547076034545898438e+01
1.244769915938377380e-01
1.194001197814941406e+01
1.726750373840332031e+00
6.551096191406250000e+03
4.014737342572516354e-08
2.943336791992187500e+02
9.298251867294311523e-01
7.554451227188110352e-01
2.599014282226562500e+01
1.807626562500000000e+04
6.232214355468750000e+02
5.303133392333984375e+01
3.569171205163002014e-02
5.859240055084228516e+00
1.993828825652599335e-02
5.619946401566267014e-03
8.666512556374073029e-03
2.183475622530295368e-09
2.633317708969116211e+00
1.818352890014648438e+01
1.848557090759277344e+01
3.773081289182300679e-06
1.988853573799133301e+00
5.256176227703690529e-04
6.620406359434127808e-02
1.715607910156250000e+03
6.354135111905634403e-04
6.587360501289367676e-01
1.309863185882568359e+01
1.077799926757812500e+03
1.833252012729644775e-01
3.132332187500000000e+05
3.662979736328125000e+03
1.165165920000000000e+08
9.974665641784667969e-01
1.600881500244140625e+02
5.352001244318671525e-05
3.748522216796875000e+03
2.363402552615499926e-15
2.416817843914031982e-02
9.289415180683135986e-02
1.550533935546875000e+03
4.404842387884855270e-03
1.522180461883544922e+01
1.439496874809265137e-01
4.331611469388008118e-02
5.415285873413085938e+01
5.001618862152099609e+00
2.806267738342285156e+01
2.094155078125000000e+04
7.241720581054687500e+01
2.682454697787761688e-02
6.862521767616271973e-01
3.258662796020507812e+01
5.080767273902893066e-01
1.380500150844454765e-03
1.193645671010017395e-01
9.648781269788742065e-03
2.046454210358206183e-05
5.452585983276367188e+01
2.192567288875579834e-02
1.209400781250000000e+04
1.822430491447448730e+00
2.207761630415916443e-02
7.153413281250000000e+04
2.388080120086669922e+00
7.619717158377170563e-03
2.427814304828643799e-01
1.255995448445901275e-04
8.474456262774765491e-04
5.960010375976562500e+02
7.861569404602050781e+00
2.058836698532104492e+00
1.077671203613281250e+02
5.558344116210937500e+02
1.358143053948879242e-03
2.747130580246448517e-02
3.885866165161132812e+01
1.063638553023338318e-01
5.675261020660400391e-01
8.069869995117187500e+00
7.056459039449691772e-02
1.763124267578125000e+03
4.711988830566406250e+01
7.130658626556396484e-02
4.250980937500000000e+05
1.097527750000000000e+06
2.781934022903442383e+00
3.022855577600000000e+10
4.550881195068359375e+01
1.241032314300537109e+01
1.832977752201259136e-03
4.611917018890380859e+00
9.851486206054687500e+00
3.702627563476562500e+01
1.235640607774257660e-03
1.570161693962290883e-04
2.279589138925075531e-02
5.685789044946432114e-03
4.471190929412841797e+00
5.797473713755607605e-02
4.301188513636589050e-02
1.640006713569164276e-02
3.770817443728446960e-02
3.885531896230531856e-08
4.058476479258388281e-04
4.218669921875000000e+03
1.101451111026108265e-03
5.201691894531250000e+03
1.398173281250000000e+05
8.118977770209312439e-03
1.525570750236511230e+00
6.699751281738281250e+01
9.658624912844970822e-05
1.596908696228638291e-04
8.289500328828580678e-06
2.851930260658264160e-01
1.501701990491710603e-05
3.403507378152426099e-07
3.433530330657958984e-01
8.510376930236816406e+00
1.675136756896972656e+01
1.191616710275411606e-02
2.285388996824622154e-03
3.038563251495361328e+00
6.482933531515300274e-04
4.659609062500000000e+05
4.976114258170127869e-03
5.343297496438026428e-03
6.820675134658813477e-01
2.595880255103111267e-02
2.383430401096120477e-04
1.558847259730100632e-02
7.581733912229537964e-02
3.379537156433798373e-05
7.121977210044860840e-02
1.117887207031250000e+04
1.573068293510004878e-04
3.614123153686523438e+01
1.916888058185577393e-01
1.515415039062500000e+02
5.838392535224556923e-04
2.581122436523437500e+02
1.459045166015625000e+03
4.857851392000000000e+09
1.696723175048828125e+01
8.375762695312500000e+03
6.211501840880373493e-06
8.420841674804687500e+02
2.650344511494040489e-03
7.387571930885314941e-01
3.412355422973632812e+00
3.632632017135620117e+00
8.597096428275108337e-03
4.322215914726257324e-02
1.312064290046691895e+00
1.103549194335937500e+03
6.436403782572597265e-05
9.966215133666992188e+00
1.861319392919540405e-01
2.906773239374160767e-02
1.887419819831848145e-02
4.910562038421630859e+00
1.137963745117187500e+03
4.886824340820312500e+02
2.097058593750000000e+04
1.475705532357096672e-03
1.068658113479614258e+00
5.007058593750000000e+03
7.721546717220917344e-05
4.162598997936584055e-06
1.540054529905319214e-01
9.425203897990286350e-04
4.615408203125000000e+03
3.667345270514488220e-02
3.332075266371248290e-06
2.111451387405395508e+00
4.657412719726562500e+01
2.753034591674804688e+00
4.684160739998333156e-05
3.249306992640000000e+11
2.788050329600000000e+10
3.178261375427246094e+01
4.001523181796073914e-02
5.523135885596275330e-03
2.410468459129333496e-01
4.358330443210434169e-06
3.161659836769104004e-01
7.579822540283203125e+00
1.453494415283203125e+02
1.110438331961631775e-01
9.171226061880588531e-03
2.071970939636230469e+00
2.953256607055664062e+00
1.552990234375000000e+04
5.577863194048404694e-04
9.026514599099755287e-04
1.569444130211650190e-08
1.536777000000000000e+06
9.897471070289611816e-01
1.121301203966140747e-01
1.085741631686687469e-02
2.917882520705461502e-03
4.226979315280914307e-01
2.048365750000000000e+06
3.881197568000000000e+11
1.057073241099715233e-03
3.472319062500000000e+05
1.527258455753326416e-01
3.560833574738353491e-04
1.120586718750000000e+05
1.732894816086627543e-06
9.308170676231384277e-01
1.154226303100585938e+00
3.885075784637592733e-06
9.257126976081053726e-07
3.115036189556121826e-01
3.281826734542846680e+00
3.252702621137082417e-11
4.372185561805963516e-03
9.801924438476562500e+02
2.969114780426025391e-01
1.028198415298220425e-09
6.941242190805496648e-06
1.633220165967941284e-01
2.205733358860015869e-01
1.704594120383262634e-02
5.139797849551541731e-06
4.325844645500183105e-01
7.477698922157287598e-01
3.786824218750000000e+03
5.717469024658203125e+01
8.428507080078125000e+02
1.847889507189393044e-05
2.827705466188490391e-04
1.031548461914062500e+03
2.176963090896606445e+00
3.185357750000000000e+06
2.634711377322673798e-02
2.045558989048004150e-01
1.419317913055419922e+01
8.820136718750000000e+02
7.264870218932628632e-04
1.741261333227157593e-01
5.278219396132044494e-05
5.459642410278320312e-01
2.346135520935058594e+01
3.070398569107055664e+00
9.872973632812500000e+03
8.571382495574653149e-04
4.085296299308538437e-03
2.420935034751892090e-01
1.470276899635791779e-02
5.756649971008300781e-01
1.103513875000000000e+06
3.717705979943275452e-02
3.983724127465393394e-06
1.344023437500000000e+03
3.012346994069048378e-08
9.832980632781982422e-01
4.686171722412109375e+01
1.634645159356296062e-04
4.284050166606903076e-01
4.580507812500000000e+03
8.772865625000000000e+04
4.646517197670618771e-07
4.002535343170166016e+00
8.418418121337890625e+01
8.968504145741462708e-03
1.114469299316406250e+02
2.703131372072675731e-07
8.862006835937500000e+02
7.267476757988333702e-04
3.627825208241119981e-05
1.373974560000000000e+08
2.445970773696899414e+00
7.291133101716695819e-07
5.034118890762329102e-03
2.009794044494628906e+01
3.281986713409423828e-02
3.995205640792846680e+00
1.286608129739761353e-01
4.661725368350744247e-03
8.466448634862899780e-03
2.184091992187500000e+04
7.756664752960205078e-01
2.194122968750000000e+05
6.657591342926025391e+00
1.890179514884948730e+00
1.308666076511144638e-02
1.354478532448410988e-03
3.781000152230262756e-02
1.545084381103515625e+01
4.509510253906250000e+03
3.999967575073242188e+00
1.266667246818542480e-01
1.622294462322315667e-06
9.502927064895629883e-01
2.619638281250000000e+04
1.389797398587688804e-04
8.850558400154113770e-01
4.829501733183860779e-03
1.000967788696289062e+01
2.745466613769531250e+01
3.607190549373626709e-01
1.557325482368469238e+00
4.409546032547950745e-02
1.416114810854196548e-02
1.675404218750000000e+05
2.389938735961914062e+01
6.745433807373046875e-02
1.149662062525749207e-01
1.383097052574157715e+00
6.043749162927269936e-04
3.215019404888153076e-01
9.953508377075195312e+00
7.378737330436706543e-01
3.069066951866261661e-05
1.069099176675081253e-03
1.563806152343750000e+03
1.301090105698676780e-05
2.209675979614257812e+01
6.373658031225204468e-02
2.924027824401855469e+01
5.227975830024433890e-09
5.154725313186645508e-01
2.658392143249511719e+01
6.808025390625000000e+03
7.897339761257171631e-03
4.590008035302162170e-02
6.203761250000000000e+05
9.603179931640625000e+00
5.045357500000000000e+05
6.900979788042604923e-04
1.073289901398766233e-09
9.457217674935236573e-05
1.345958281308412552e-02
1.103551406413316727e-02
8.363219676539301872e-04
3.573736877441406250e+02
2.071408033370971680e+00
5.447924316406250000e+03
6.257837270595700829e-08
7.635048031806945801e-01
5.344525337219238281e+00
1.961167305707931519e-01
4.318380859375000000e+04
1.704410278320312500e+03
2.505036257207393646e-02
2.914667480468750000e+03
9.379393458366394043e-01
6.679814338684082031e+00
3.815999031066894531e+00
2.560395048931241035e-03
1.709972381591796875e+00
2.332950937500000000e+05
2.022549097091541626e-06
2.434682846069335938e+00
3.087547639779586461e-08
1.277490810025483370e-04
4.790229499340057373e-01
2.518393039703369141e+00
5.094830222449049600e+16
2.211266174316406250e+02
4.333987840000000000e+10
1.980542373657226562e+01
3.468203917145729065e-02
2.313804253935813904e-02
9.899234771728515625e-01
1.390353515625000000e+03
8.665884286165237427e-02
2.663294189453125000e+03
1.223283290863037109e+01
3.499231338500976562e-01
3.755726292729377747e-02
1.256434246897697449e-02
4.162411193847656250e+02
3.185400366783142090e-01
2.123563964843750000e+03
4.689976196289062500e+02
1.476116329431533813e-01
6.795308685302734375e+01
1.830515861511230469e+00
1.259830236434936523e+00
5.638067364088783506e-07
4.527346044778823853e-02
4.761777602560000000e+12
1.141814947128295898e+00
7.368176593445241451e-04
3.740513324737548828e-02
3.121024549912476687e-09
2.920669913291931152e-01
2.201255083084106445e+00
8.782730698585510254e-01
1.126494979858398438e+01
4.088273271918296814e-02
6.007773399353027344e+00
1.219217301695607603e-04
4.286076660156250000e+02
7.184597492218017578e+00
1.074252575635910034e-01
1.854927279055118561e-02
2.109303176403045654e-01
2.263011250000000000e+05
2.915248274803161621e-01
7.539844531250000000e+04
8.293324112892150879e-01
4.528914093971252441e-01
6.007247138768434525e-04
6.829112172126770020e-01
2.126573584973812103e-03
6.984893116168677807e-04
3.678143396973609924e-02
7.281422731466591358e-04
4.651820361614227295e-01
1.636748313903808594e+01
2.378777500000000000e+06
5.824493885040283203e+00
2.529604732990264893e-02
4.164722189307212830e-02
1.148518323898315430e-01
1.072251987457275391e+01
8.259026367187500000e+03
6.792380474507808685e-03
2.130739212036132812e+00
2.949291141703724861e-03
4.660958766937255859e+00
1.273339271545410156e+00
2.231231498718261719e+01
1.843076013028621674e-02
1.353573964024690213e-07
1.948559326171875000e+03
1.744816589355468750e+01
5.195307135581970215e-01
8.699416369199752808e-02
1.110442638397216797e+01
2.322623186046257615e-04
1.105116587132215500e-02
1.819859981536865234e+00
5.892454087734222412e-02
3.902401250000000000e+05
1.840657500000000000e+06
5.882887244224548340e-01
4.033812522888183594e+00
1.610325882211327553e-03
2.919968045134169188e-09
7.878768444061279297e-01
1.631949817237909883e-05
2.216069027781486511e-02
2.279135589599609375e+02
1.472550723701715469e-02
6.547020912170410156e+00
1.176197677850723267e-01
3.195464134216308594e+01
3.762947082519531250e+00
1.752355766296386719e+01
8.572190999984741211e-03
3.457422336000000000e+09
5.374001979827880859e+00
6.764940917968750000e+03
2.256074920296669006e-03
4.564292968750000000e+03
1.135909805297851562e+02
1.217604827880859375e+01
4.547319710254669189e-01
1.895341649651527405e-02
6.726308441162109375e+01
1.497332458496093750e+02
7.122160354811057914e-07
4.700375497341156006e-01
3.703731155395507812e+01
1.050605100000000000e+07
2.843679785728454590e-01
1.582386030349880457e-04
9.061187505722045898e-01
2.142988890409469604e-01
1.352171693724812940e-06
7.559386730194091797e+00
1.474896500000000000e+07
1.172859191894531250e+02
3.290738910436630249e-03
9.033747017383575439e-02
5.488734054565429688e+01
2.153161346996057546e-07
2.582312011718750000e+02
2.293504541739821434e-03
7.545429281890392303e-03
9.731100000000000000e+04
2.748387305473443121e-05
1.537802886962890625e+02
4.550339654088020325e-02
1.424369984306395054e-04
3.345273256301879883e+00
2.142043113708496094e+00
8.947395719587802887e-03
3.929564666748046875e+01
4.592440605163574219e+00
4.078818125000000000e+05
9.951451647793874145e-05
6.637871265411376953e-02
1.597568847656250000e+03
5.084552802145481110e-03
9.318685159087181091e-03
2.776528298854827881e-01
2.631915307915733138e-08
1.199072241783142090e+00
1.181072070312500000e+04
3.679725341796875000e+02
2.732670307159423828e-01
2.406767383217811584e-02
6.698080105707049370e-04
5.063343966327238377e-09
7.452702999114990234e+00
1.459694933146238327e-03
9.985897572977863595e-15
1.457538509368896484e+01
3.841668701171875000e+02
8.509409904479980469e+00
4.978759288787841797e+00
4.625269677489995956e-03
1.051514892578125000e+03
2.425861597061157227e+00
3.307519727968610823e-05
4.491544067859649658e-01
3.989606891520000000e+11
6.554834544658660889e-02
4.539109941106289625e-04
1.040490678860805929e-05
4.291097521781921387e-01
9.001184254884719849e-02
1.691486540948972106e-04
2.656538486480712891e-01
5.953731500000000000e+06
2.973629534244537354e-01
3.393393516540527344e+00
4.481078940443694592e-05
2.247845888000000000e+09
1.058729410171508789e+00
2.935037612915039062e+01
7.936656766105443239e-05
1.714176788330078125e+02
2.062513381242752075e-01
1.944169163703918457e+00
2.783870324492454529e-02
1.947610144270583987e-04
5.388305908127222210e-07
2.347007179260253906e+01
8.065966033935546875e+01
9.098158916458487511e-04
2.758769318461418152e-03
2.041299057006835938e+01
2.083041381835937500e+01
7.362426519393920898e-01
1.258720364421606064e-02
2.209399223327636719e+00
4.976155757904052734e-01
4.567020758986473083e-02
8.791914939880371094e+00
2.634970098733901978e-02
3.705731779336929321e-02
1.382616069167852402e-02
4.696544189453125000e+02
5.199828478907875251e-08
1.271365722656250000e+03
2.578420854604246415e-08
7.073636166751384735e-03
1.220399000000000000e+06
4.920300096273422241e-03
1.459780883789062500e+02
2.069048956036567688e-02
5.302361845970153809e-01
5.941830459050834179e-04
3.347395181655883789e+00
2.446980714797973633e+00
8.710634231567382812e+00
5.048431396484375000e+00
6.561458007812500000e+03
9.474546658339022542e-08
6.084952037781476974e-04
4.901660940959118307e-05
6.861938536167144775e-02
3.180098318011914671e-08
1.410852734375000000e+04
1.774080693721771240e-01
3.052599169313907623e-02
3.978270292282104492e+00
1.372126024216413498e-02
4.062080383300781250e-01
6.125697382231010124e-06
6.027730705682188272e-06
2.874691486358642578e-01
1.150980070233345032e-01
2.426070204819552600e-05
2.219274282455444336e+00
3.470724076032638550e-02
1.102068543434143066e+00
7.927527278661727905e-02
1.294789791107177734e+01
2.171308696269989014e-01
8.916254997253417969e+00
4.099366188049316406e+00
5.802278442382812500e+02
4.031470298767089844e+00
4.010785818099975586e-01
3.454271545410156250e+02
6.504243164062500000e+03
1.837622761726379395e+00
4.384028539061546326e-02
1.703292965888977051e+00
1.754220458678901196e-03
3.628785908222198486e-01
9.839105186983942986e-04
1.845138427734375000e+03
1.603303402662277222e-01
1.194428070448338985e-03
1.119831249951630525e-08
1.590893662068992853e-04
9.457276202738285065e-03
8.407294400000000000e+07
2.268884703516960144e-02
3.511714050546288490e-03
1.359177404083311558e-03
1.703615069389343262e+00
2.077526239929738949e-08
1.021792480468750000e+04
2.722056750000000000e+06
5.956622600555419922e+00
3.461632786638801917e-06
1.097795441746711731e-01
4.446797445416450500e-02
1.905658874511718750e+02
1.529937421196336800e-08
1.156752080896000000e+12
1.745873130857944489e-02
2.149389982223510742e-01
8.134319633245468140e-02
3.782561111450195312e+01
1.508123241364955902e-03
1.295821189880371094e+01
1.804661937057971954e-02
6.449392065405845642e-03
5.270930175781250000e+02
5.247922800000000000e+07
9.938054656982421875e+01
1.798062343750000000e+05
2.606752872467041016e+00
4.501359164714813232e-01
9.385575354099273682e-02
2.863099609375000000e+04
3.804495780912464653e-12
2.899606823921203613e-01
2.504581352695822716e-03
7.543310971414030064e-07
1.730519676208496094e+01
1.338618993759155273e+00
2.643844927661120892e-04
6.814976334571838379e-01
3.405495584011077881e-01
2.922576665878295898e+00
4.431564360857009888e-03
6.818278400000000000e+08
1.214879716826544609e-06
2.201262395828962326e-03
1.836600527167320251e-02
5.099908447265625000e+01
2.444001729600131512e-04
5.483086686581373215e-03
3.537431657314300537e-01
1.685261353850364685e-02
5.496438503265380859e+00
1.951327081769704819e-03
3.755133819580078125e+01
5.646811500000000000e+06
5.216674208641052246e-01
2.921393127441406250e+02
1.406423252774402499e-04
6.481694030761718750e+01
8.713375926017761230e-01
3.339635086059570312e+01
9.686634875833988190e-03
4.571679979562759399e-02
3.685824562227324463e-11
3.774921060539782047e-05
7.625736998306820169e-06
1.371970325708389282e-01
2.495773322880268097e-02
2.451206207275390625e+01
4.491354687500000000e+04
9.339172363281250000e+00
4.291779769118875265e-04
7.557369023561477661e-02
2.570024108886718750e+01
3.389022949218750000e+03
3.456903696060180664e-01
2.017048046875000000e+04
1.014240264892578125e+01
1.065766723632812500e+03
1.075513305664062500e+03
5.574423313140869141e+00
8.135561347007751465e-01
2.136617736816406250e+02
1.123609497070312500e+03
1.090057277679443359e+01
3.549793481826782227e+00
1.187468383789062500e+03
1.145663928985595703e+01
6.616434984607622027e-05
3.034361824393272400e-02
2.370337829589843750e+02
5.835942625999450684e-01
3.719388041645288467e-03
9.432912445068359375e+01
4.196173250675201416e-01
5.080540084838867188e+01
2.214283007812500000e+04
1.808578981021824461e-10
4.457003515625000000e+04
2.363810777664184570e+00
2.951972007751464844e+00
2.711692619323730469e+01
6.847771167755126953e+00
1.248484375000000000e+04
2.566546678543090820e+00
1.147405529022216797e+01
7.742665708065032959e-02
1.857634162902832031e+01
4.754318797495216131e-04
1.566664123535156250e+01
1.384140849113464355e+00
7.493889160156250000e+02
7.192850898718461394e-05
1.048988625407218933e-01
4.564492187500000000e+04
1.076109886169433594e+01
5.715991258621215820e-01
6.235207080841064453e+00
3.323125541210174561e-01
2.509474754333496094e+01
8.644750118255615234e-01
8.209813386201858521e-03
1.347463130950927734e+00
1.117603182792663574e+00
2.910341881215572357e-02
4.036229768189514289e-07
2.742795898437500000e+04
2.403177261352539062e+00
4.666918143630027771e-02
1.037299111485481262e-01
2.665069885551929474e-03
9.747692092787474394e-05
1.967087686061859131e-01
9.631923675537109375e+01
1.558317780494689941e+00
7.626636488566873595e-06
1.354687213897705078e-01
5.785526037216186523e-01
8.176705241203308105e-01
3.211007416248321533e-01
5.592496600002050400e-04
2.605168707668781281e-02
1.827789001464843750e+02
3.912679433822631836e+00
9.804309345781803131e-03
6.086362004280090332e-01
2.443173527717590332e-02
5.941113829612731934e-01
1.730397692881524563e-03
1.223103906250000000e+04
1.748344302177429199e+00
5.724760144948959351e-02
3.128738641738891602e+00
1.208332538604736328e+01
1.037882547825574875e-02
5.661724135279655457e-03
9.103917619768253644e-08
3.192163546827941900e-07
6.813119649887084961e-01
2.273084163665771484e+00
7.282390625000000000e+04
2.369420370087027550e-03
4.592756748199462891e+00
6.588170528411865234e-01
4.301095008850097656e-01
6.761293207091512159e-06
1.058271974325180054e-01
1.054326351732015610e-02
1.143988037109375000e+02
6.027131527662277222e-02
3.472436901574837975e-06
1.189470052719116211e+00
2.144609985351562500e+02
1.259352895431220531e-03
1.247946319580078125e+02
6.966513465158641338e-04
5.030484008789062500e+02
5.726720046997070312e+01
5.301006138324737549e-02
9.481211891397833824e-04
2.663701534271240234e+00
6.971047241677297279e-06
3.650779485702514648e+00
9.969338687909612418e-10
2.612295410156250000e+03
2.422901250000000000e+06
1.870239429990760982e-06
6.397915421985089779e-04
1.053893890380859375e+02
1.976166106760501862e-02
3.649209439754486084e-02
2.276784973219037056e-03
1.219138764800000000e+11
1.460327580571174622e-02
1.745512580871582031e+01
3.735301733016967773e+00
9.610154032707214355e-01
9.611535351723432541e-04
7.918494753539562225e-03
7.315444350242614746e-01
1.255669631063938141e-04
2.529298210144042969e+01
3.121488494798541069e-03
3.767661382880760357e-08
2.963846206665039062e+01
6.109791994094848633e-01
3.471934814453125000e+02
2.548939704895019531e+01
1.712795346975326538e-01
1.336281304247677326e-03
1.264970898628234863e+00
4.266934096813201904e-02
3.089937400817871094e+01
7.081632968038320541e-03
5.958124389648437500e+02
4.256431758403778076e-01
4.654949065297842026e-03
9.973067790269851685e-02
1.678222361078951508e-07
4.653089141845703125e+01
2.446912042796611786e-02
6.575269395625582547e-08
5.008153617382049561e-02
1.438424072265625000e+03
5.269035034179687500e+02
5.627522500000000000e+05
9.981900220736861229e-04
1.509875617921352386e-02
8.328269004821777344e+00
1.906023919582366943e-02
7.895322418212890625e+01
3.681323230266571045e-01
3.553621005266904831e-03
2.547653198242187500e+02
5.729908800000000000e+07
1.358859986066818237e-01
6.742946147918701172e+00
7.697096407355275005e-06
2.874718904495239258e-01
2.174381494522094727e+00
1.601885080337524414e+00
4.411485798400000000e+10
2.147875966329593211e-05
1.092736244201660156e+00
1.667699664831161499e-01
1.338104826942299042e-08
2.514832305908203125e+01
8.335102081298828125e+00
2.847724499588366598e-05
6.024747341871261597e-02
3.731720458984375000e+03
6.688212752342224121e-01
1.134499907493591309e+00
1.433025169372558594e+01
1.318809509277343750e+00
1.120408698916435242e-01
5.835397720336914062e+00
4.946815013885498047e+00
8.075759978964924812e-04
2.790157916024327278e-03
1.725279617309570312e+01
9.138683319091796875e+01
2.237072587013244629e-01
5.683859437704086304e-02
5.510959625244140625e-01
2.415873260498046875e+02
2.162906646728515625e+01
6.815833449363708496e-01
5.920846888329833746e-06
5.387869664308375661e-11
2.705414428710937500e+02
1.766159439086914062e+01
1.870407104492187500e+00
4.235201631672680378e-04
9.402441233396530151e-02
5.733399200439453125e+01
4.105719199287705123e-06
2.911305346060544252e-04
1.773937940597534180e-01
9.534618164062500000e+03
4.854715347290039062e+00
3.144651367187500000e+03
9.686098694801330566e-01
1.388146850585937500e+03
1.396742998622357845e-03
3.270093824000000000e+10
3.313678955078125000e+03
5.740367123507894576e-05
3.780140355229377747e-02
1.091913580894470215e+00
6.450923156738281250e+01
7.896811200000000000e+07
1.892154216766357422e+00
1.330071390839293599e-04
4.864317178726196289e-02
8.484984282404184341e-04
8.682366406250000000e+04
1.079555273056030273e+00
9.447818527519302734e-09
5.671842023730278015e-02
7.366202392578125000e+02
3.455794525146484375e+01
4.895774902343750000e+03
2.534686774015426636e-02
1.530496978759765625e+02
1.081669807434082031e+01
5.437846295535564423e-03
8.810677734375000000e+03
1.852208375930786133e+00
7.254896312952041626e-02
7.459881250000000000e+05
9.791959524154663086e-01
5.025307178497314453e+00
7.028574496507644653e-02
2.877430078125000000e+04
2.558476408012211323e-04
1.017383692669682205e-05
1.135286875069141388e-04
3.851804256439208984e+00
3.440544242039322853e-04
1.161678848266601562e+02
2.874854362744372338e-05
9.087505645766214002e-07
9.584748744964599609e-01
9.860927462577819824e-01
8.828191528320312500e+02
5.340967655181884766e+00
1.030093073844909668e+00
3.672501742839813232e-01
3.992953777313232422e+00
3.692425489425659180e-01
2.337494661333039403e-04
1.136408071033656597e-03
9.167334437370300293e-02
1.786773168532818090e-06
9.070674180984497070e-01
2.371887840000000000e+08
3.463517120000000000e+08
1.627199910581111908e-02
4.556615836918354034e-03
8.360856212675571442e-03
9.124226570129394531e-01
1.149390005394934633e-08
7.372465000000000000e+06
6.726404535584151745e-05
1.987749671936035156e+01
3.773581314086914062e+01
1.997674942016601562e+00
9.629605337977409363e-04
6.737359333783388138e-03
4.586690068244934082e-01
3.600039286538958549e-03
3.409865796566009521e-01
3.189841918945312500e+02
8.617177513770002406e-07
8.311085510253906250e+01
4.088169932365417480e-01
9.286323911510407925e-04
1.083997011184692383e+00
2.911706209182739258e+00
1.683710021972656250e+02
2.110681585065776744e-08
3.434553742408752441e-02
8.685285568237304688e+00
5.553749855607748032e-03
3.861990478515625000e+03
1.437774181365966797e+00
8.113057031250000000e+04
4.077363014221191406e+00
1.119678745453711599e-05
2.064321041107177734e-01
1.748917698860168457e+00
6.005880355834960938e+00
8.499227166175842285e-01
7.611077762703644112e-06
1.119852022384293377e-04
2.394148214079905301e-05
5.173907226562500000e+03
9.487390518188476562e+00
1.267651271820068359e+01
3.864562500000000000e+06
3.765841722488403320e-01
2.520225476473569870e-03
2.178348040615674108e-06
1.325731873512268066e-01
1.142015747070312500e+03
8.103900146484375000e+01
4.200584960937500000e+03
1.127775944769382477e-02
1.883720159530639648e+00
5.366581916809082031e+00
3.583980742405401543e-06
1.563271274790167809e-03
1.365733814239501953e+01
1.657394653320312500e+03
1.040552597260102630e-04
1.648637817382812500e+03
1.816985458135604858e-01
1.852786302566528320e+00
2.228584140539169312e-02
3.708186250000000000e+06
1.250025889021344483e-06
7.963978648185729980e-01
5.889277090318500996e-04
8.618299102783203125e+01
4.310182332992553711e-01
1.724000213698673178e-07
3.166948852539062500e+02
1.008859798312187195e-01
9.907515869140625000e+02
7.650745868682861328e+00
3.394863307476043701e-01
6.451008789062500000e+03
6.030437469482421875e+00
6.104145944118499756e-02
1.689531005859375000e+03
1.265166091918945312e+02
1.805500268936157227e+00
3.346465110778808594e+00
9.518730163574218750e+00
1.162551953125000000e+04
4.202363779768347740e-04
1.216037511825561523e+00
3.392823040485382080e-03
9.561697244644165039e-01
2.207866928074508905e-04
4.762855470180511475e-01
5.804960640000000000e+08
2.612943040000000000e+08
1.506508483886718750e+02
8.497804403305053711e-03
5.786603316664695740e-02
2.289290875196456909e-01
3.305875957012176514e-01
8.044950485229492188e+00
5.925400764681398869e-04
2.877047657966613770e-01
1.341893896460533142e-02
3.171210209984565154e-07
1.447476744651794434e-01
4.835774230957031250e+01
1.984142661094665527e-01
5.386616821289062500e+02
2.807012759149074554e-03
6.008566379547119141e+00
9.847206875000000000e+05
7.228902816772460938e+00
9.927029168466106057e-05
1.560930513733183034e-06
2.265886855923326948e-08
2.574655532836914062e+00
4.889198113232851028e-03
3.319589197635650635e-01
1.260033691406250000e+03
2.578013580389892923e-09
2.368114441633224487e-01
2.283051605224609375e+02
3.913450054824352264e-03
1.061610698699951172e+00
5.971788883209228516e+00
4.360488671875000000e+04
1.495660095214843750e+02
7.573359966278076172e+00
1.169946881418582052e-05
1.141315169661538675e-05
1.796082115173339844e+01
3.821328980848193169e-03
2.396516265869140625e+02
2.536500692367553711e-01
3.667827606201171875e+01
3.253125250000000000e+06
2.714433067012578249e-04
1.051414250000000000e+06
2.301411703228950500e-02
3.479097504168748856e-03
1.949610519409179688e+01
2.404404990375041962e-02
8.145543746650218964e-03
3.734178096055984497e-02
9.431658787306673730e-10
4.298886358737945557e-01
2.843630127608776093e-02
1.013147830963134766e-01
9.805352618741380866e-08
5.460228323936462402e-01
1.785798557102680206e-02
1.415073033422231674e-02
2.062042999267578125e+01
1.103021025657653809e+00
4.050924777984619141e+00
1.118898925781250000e+03
8.985443115234375000e-01
1.225973945111036301e-03
2.157765254378318787e-02
7.460283756256103516e+00
2.039458203125000000e+04
1.163724517822265625e+01
6.340018920898437500e+02
3.434392157942056656e-03
1.588566284179687500e+03
4.431834968272596598e-04
1.002213516235351562e+02
1.029713750000000000e+05
3.490247308945981786e-06
1.296456158161163330e-01
1.720403594970703125e+02
6.508149609375000000e+04
2.615628710937500000e+04
1.975916893570683897e-05
9.149798974039669019e-11
1.372465025633573532e-02
9.837886875000000000e+05
9.275070428848266602e-01
1.187366125000000000e+06
3.199124813079833984e+00
3.212443828582763672e+00
9.090872656250000000e+04
4.675372242927551270e-01
7.441465859301388264e-04
2.890723943710327148e-02
4.186442500000000000e+06
4.441072940826416016e+00
6.521829476469065412e-08
3.813636016845703125e+01
4.958973526954650879e-01
3.934239447116851807e-01
2.593055486679077148e+00
4.212261962890625000e+01
3.865036123897880316e-04
9.421356201171875000e+01
2.561270818114280701e-02
1.580500975251197815e-02
2.088142089843750000e+03
1.538223177194595337e-01
2.444325408935546875e+02
1.926373958587646484e+00
1.223176997154951096e-02
1.042609754949808121e-02
2.988436937332153320e+00
4.985466897487640381e-01
1.622299081645905972e-03
1.656758636236190796e-01
5.970538940429687500e+02
6.519570350646972656e-01
1.000282242894172668e-01
1.589293593750000000e+05
1.762249485182110220e-05
3.583477783203125000e+01
1.422706246376037598e-02
1.148309625000000000e+06
7.903189182281494141e+00
1.491294614970684052e-02
2.511113584041595459e-01
1.246305927634239197e-01
2.435016212984919548e-03
1.522312313318252563e-01
3.806059875488281250e+02
1.963932983398437500e+03
1.185822207480669022e-02
4.930230943500646390e-07
6.576712243258953094e-03
2.554184436798095703e+00
2.212046645581722260e-02
1.476008351892232895e-02
2.980569377541542053e-02
2.185926055908203125e+01
2.792378845214843750e+02
5.076146335341036320e-04
6.042357654223451391e-06
1.707356423139572144e-01
4.121305886656045914e-03
8.518530726432800293e-01
2.190645408630371094e+01
5.112406332045793533e-03
1.977626793086528778e-02
3.041083458811044693e-03
1.872677445411682129e+00
2.679472381714731455e-04
4.728458007812500000e+03
5.769595372839830816e-05
1.805001373291015625e+02
4.313402769184904173e-06
7.815250195562839508e-03
1.597699476405978203e-03
1.242936849594116211e+00
5.031250715255737305e-01
2.922602870967239141e-04
1.380692720413208008e+00
9.743907014581054682e-09
4.411909903865307570e-04
2.236863769531250000e+03
1.863400697708129883e+00
6.495258957147598267e-02
1.683230628259480000e-03
3.010885238647460938e+00
9.499078125000000000e+03
1.587367965839803219e-03
8.951925039291381836e-01
1.551538940429687500e+03
1.188750502478796989e-07
1.505972165614366531e-02
2.444127760827541351e-02
4.160794921875000000e+03
1.083138212561607361e-02
3.892420232295989990e-02
1.071513630449771881e-03
2.011429667472839355e-01
3.557256000000000000e+07
1.044031741912476718e-04
1.216002273559570312e+02
1.739496469497680664e+00
2.922083979228773387e-07
2.705537557601928711e+00
3.384380340576171875e+00
1.723589957691729069e-04
2.064771270751953125e+01
1.656990065157515346e-07
9.988254308700561523e-02
2.864550828933715820e+00
2.938894844055175781e+01
3.335107266902923584e-01
8.251356506347656250e+01
6.281647682189941406e-01
4.865013360977172852e-01
8.088258743286132812e+00
4.902308341115713120e-03
4.056086730957031250e+02
3.350139409303665161e-02
1.576008892059326172e+01
1.231332714843750000e+04
1.781125545501708984e+00
3.814323572441935539e-04
7.374168701171875000e+02
9.404189884662628174e-02
9.556244850158691406e+00
1.238253787159919739e-01
2.897836923599243164e+00
7.887663377914577723e-05
1.968799018859863281e+01
1.139697070312500000e+04
1.945545547641813755e-03
2.916778385042562149e-06
2.111451700329780579e-02
6.355233383178710938e+01
2.616820037364959717e-01
4.108484368771314621e-03
1.338083934783935547e+01
8.012741208076477051e-01
5.544650554656982422e+00
1.893313476562500000e+03
3.658683013916015625e+01
1.576643066406250000e+02
3.537464421242475510e-03
2.146704196929931641e-01
7.012931823730468750e+00
9.421426483413597452e-08
2.824922651052474976e-02
9.911698242187500000e+03
1.359919551759958267e-03
1.130161190032958984e+01
1.432985186576843262e+00
6.542449593544006348e-01
1.359272137051448226e-04
5.017522573471069336e-01
3.863850097656250000e+02
8.641125679016113281e+00
1.391722471453249454e-03
8.275032958984375000e+02
5.514758682250976562e+01
3.641444817185401917e-02
2.633287906646728516e-01
5.980362296104431152e-01
1.366841886192560196e-02
2.223589867353439331e-01
6.049568057060241699e-01
3.330185651779174805e+00
1.508522094726562500e+03
9.667568079407828918e-09
4.931564331054687500e+01
2.585239687500000000e+05
2.430624511718750000e+03
4.613923437500000000e+04
7.168259277343750000e+03
2.200073730468750000e+03
6.660536655545001850e-06
2.852149009413551539e-06
5.615968227386474609e+00
2.815991826355457306e-02
1.870106506347656250e+02
5.765056228637695312e+01
2.804502658545970917e-02
2.934688003733754158e-03
1.980624198913574219e-01
1.180020533502101898e-02
1.406242176000000000e+09
7.031112164258956909e-02
1.634689542697742581e-04
7.460223674774169922e+00
9.213791781803593040e-05
3.274003267288208008e-01
3.524252624511718750e+02
5.088908076286315918e-01
1.545998930931091309e+00
5.417495776782743633e-05
4.438355445861816406e+00
6.517926231026649475e-03
5.647590942382812500e+02
8.742516636848449707e-01
7.543138027191162109e+00
1.375376701354980469e+01
2.061318904161453247e-01
1.425412597656250000e+02
1.034114074707031250e+02
5.083063244819641113e-02
2.747653424739837646e-01
1.630404492187500000e+04
1.470270454883575439e-01
9.457587890625000000e+02
1.210712790489196777e-01
1.195491943508386612e-02
6.643928710937500000e+03
9.371430397033691406e+00
1.221703872680664062e+02
1.518255448900163174e-04
1.010302640497684479e-02
5.174462280273437500e+02
6.606228027343750000e+02
5.481764208525419235e-03
1.643359065055847168e+00
6.936801364645361900e-04
8.117602206766605377e-03
1.108552351070102304e-05
7.233666896820068359e+00
6.545849144458770752e-02
6.538595199584960938e+00
8.509448729455471039e-03
2.340900152921676636e-01
5.205475687980651855e-01
2.227985113859176636e-01
4.903543090820312500e+02
3.107032477855682373e-01
2.727446794509887695e+00
2.053360342979431152e-01
7.620031237602233887e-01
2.555718719959259033e-01
1.834407615661621094e+01
4.759653657674789429e-02
1.887529533440000000e+11
3.186464000000000000e+07
1.390343933105468750e+02
1.465052515268325806e-01
3.572293817996978760e-01
1.451406478881835938e-01
9.288332462310791016e-01
2.100191593170166016e+00
3.898214721679687500e+01
9.714444360042762128e-09
6.339651998132467270e-03
3.369569822098128498e-05
3.019916184712201357e-04
1.793877686395717319e-06
4.811256400000000000e+07
1.085166074335575104e-02
1.373240756988525391e+01
1.102087050676345825e-01
9.952105581760406494e-02
1.712991943359375000e+02
2.565008122473955154e-03
1.750612864270806313e-05
6.545910146087408066e-04
1.847810516357421875e+02
5.958342552185058594e-01
1.046659851074218750e+01
1.421097218990325928e-01
4.143781250000000000e+05
5.883715152740478516e+00
5.226220469921827316e-03
1.678348159790039062e+01
1.570929161971434951e-04
6.022572051733732224e-03
2.514473199844360352e+00
1.185571889550374181e-07
4.500597763061523438e+01
1.396472100168466568e-03
2.236830566406250000e+03
4.531612830760423094e-06
1.015156976791331545e-05
4.226323217153549194e-04
1.950101740658283234e-02
4.820922851562500000e+00
5.296014621853828430e-02
7.947654724121093750e+01
8.586406707763671875e-03
1.039985847473144531e+01
3.632337211456615478e-06
9.313767552375793457e-01
2.411169111728668213e-01
1.431133151054382324e-01
1.080556154251098633e+00
1.767529919743537903e-02
9.238173420689221871e-11
4.202180802822113037e-01
2.527266042307019234e-05
7.995631895028054714e-04
3.400069091796875000e+03
3.751867552637122571e-05
1.798742413520812988e+00
1.028771847486495972e-01
6.679581163520000000e+11
9.826900482177734375e+00
6.626204681396484375e+01
1.326342026004567742e-04
1.191293820738792419e-02
3.972900509834289551e-01
5.209302980802021921e-05
5.812686868011951447e-04
1.100689914892427623e-04
2.821473693847656250e+02
4.643054271582514048e-04
2.736349706538021564e-04
3.944220766425132751e-02
8.027619123458862305e-01
2.649210273375501856e-06
3.178016515448689461e-03
1.507157227024435997e-03
7.833574500182294287e-07
1.880936750000000000e+06
3.759502887725830078e+00
6.459235213696956635e-03
2.275285530090332031e+01
1.373754739761352539e+00
4.723358000000000000e+06
1.208945159912109375e+02
1.070545166015625000e+03
5.506293103098869324e-02
5.392108154296875000e+02
7.998302578926086426e-02
1.202427446842193604e-01
5.183964062500000000e+04
2.087521404027938843e-01
4.595232009887695312e-01
2.135067582130432129e-01
4.260536283254623413e-02
9.884877130389213562e-03
3.572275862097740173e-02
5.118798828125000000e+03
1.016795635223388672e+01
1.304997100830078125e+02
2.307649374008178711e+00
2.700429534912109375e+01
6.334147765301167965e-04
8.479728698730468750e+01
3.821241855621337891e-01
1.113592982292175293e+00
6.867524236440658569e-02
7.367759704589843750e+01
6.562703132629394531e+00
4.922460298985242844e-03
1.176824048161506653e-02
2.325508594512939453e+00
5.272329144645482302e-05
1.360376548767089844e+01
6.837133789062500000e+01
1.922369218750000000e+05
5.168980956077575684e-01
8.488927711782971743e+22
3.712697163593681182e-11
4.496048495639115572e-04
1.919613200000000000e+07
8.247573089599609375e+01
2.050686089205555618e-05
5.896548740565776825e-03
1.440706700086593628e-01
1.206534147262573242e+00
1.365053296089172363e+00
1.091100974008440971e-03
2.689262037165462971e-04
1.062488630414009094e-01
1.123462431132793427e-02
1.031426048278808594e+01
4.666195809841156006e-01
1.584407291375100613e-03
2.044991992187500000e+04
9.603314101696014404e-04
1.051086664199829102e+00
9.263196261599659920e-04
1.173292250000000000e+06
3.236411139369010925e-02
5.989884376525878906e+00
1.668196375000000000e+06
8.861243286132812500e+02
3.457906961441040039e+00
3.216281831264495850e-01
1.462453722953796387e+00
7.800515595590695739e-05
6.488228515625000000e+03
3.718886873684823513e-04
1.798226003302261233e-04
5.412405822426080704e-03
1.759598148055374622e-03
9.838421419772203080e-07
1.947034709155559540e-02
5.263081751763820648e-03
1.893087506294250488e+00
5.552378752327058464e-06
6.203054189682006836e-01
3.786034882068634033e-02
1.529653072357177734e-01
1.557607031250000000e+04
3.616020441055297852e+00
1.926213120000000000e+08
8.483703434467315674e-02
5.306465923786163330e-02
1.424170017242431641e+00
4.752833545207977295e-01
9.090562164783477783e-02
7.808894793015497271e-07
6.550048291683197021e-02
2.017871379852294922e+00
7.712505612289533019e-05
8.018167877197265625e+01
1.646366406250000000e+04
1.610623449087142944e-01
2.548810839653015137e-01
3.361753001809120178e-02
1.108929812908172607e-01
3.300920312500000000e+04
4.715398536063730717e-04
2.662134193087695166e-06
3.200366416322708574e-09
5.306919217109680176e-01
1.016380071640014648e+00
9.328869581222534180e-01
4.697570800781250000e+01
1.926821351051330566e+00
7.154188752174377441e-01
2.104983031749725342e-01
1.256842529296875000e+03
1.877483558654785156e+01
1.528538484126329422e-02
2.253748893737792969e+00
5.069082602858543396e-03
6.218971014022827148e-01
4.225786597089609131e-06
1.452479589843750000e+04
4.523975253105163574e-01
1.762406677007675171e-01
1.831795461475849152e-02
2.176028747558593750e+02
5.559998989105224609e+00
9.221275104209780693e-04
2.562155425548553467e-01
1.097218261718750000e+03
1.011917483992874622e-03
1.247341484375000000e+05
3.943136978149414062e+01
3.538941673468798399e-04
4.145083236694335938e+01
2.310158452019095421e-03
2.269736132812500000e+04
5.585069274902343750e+01
9.627258789062500000e+03
4.587433359120041132e-04
1.586114453125000000e+04
2.774460439169956771e-09
2.473787231445312500e+02
4.679232120513916016e+00
1.898028713185340166e-04
2.257385969161987305e+00
6.988979578018188477e-01
3.557667878339998424e-05
6.483731269836425781e-01
1.483957022428512573e-01
4.143405761718750000e+03
1.031057357788085938e+01
8.971760980784893036e-04
8.036666986299678683e-05
1.667099148035049438e-01
6.634225613311173220e-09
9.124730527400970459e-02
9.710236787796020508e-01
4.714346432592719793e-04
6.028109375000000000e+05
7.341534495353698730e-01
4.934726748615503311e-04
2.629639148712158203e+00
5.485634915203263517e-07
1.000055999611504376e-05
2.801852722167968750e+02
2.457373484503477812e-04
5.646063089370727539e-01
6.374521553516387939e-02
1.156648039817810059e+00
8.165887743234634399e-02
8.799992799758911133e-01
1.445086240768432617e+00
6.197443604469299316e-02
6.081401109695434570e-01
6.834170315414667130e-03
1.704346008300781250e+02
5.135321501370526676e-09
3.143143112538382411e-05
7.638383388519287109e+00
1.026068404316902161e-01
1.840212754905223846e-02
3.380452394485473633e-01
1.906014800071716309e+00
7.595264315605163574e-01
8.173417299985885620e-02
3.148863315582275391e-01
7.191797067207517102e-06
4.723852574825286865e-01
3.119330644607543945e+00
8.139753723144531250e+01
1.729036569595336914e+00
5.142214584350585938e+01
9.696800708770751953e-01
8.635934442281723022e-02
2.439002990722656250e+01
3.555280854925513268e-03
8.837373657226562500e+02
7.507182359695434570e-01
1.538474862172733992e-05
2.680066507309675217e-03
1.363112597656250000e+04
4.843474218750000000e+04
1.265240274369716644e-02
3.718404471874237061e-01
9.111351013183593750e+00
7.599638938903808594e+00
1.013447548103840745e-08
7.878117370605468750e+01
8.254443528130650520e-04
8.461305871605873108e-03
4.552508704364299774e-03
2.347963743432046613e-07
1.396710214152108165e-08
1.255550049245357513e-02
6.525747179985046387e-01
1.066226100921630859e+01
3.923871200000000000e+07
4.493859950827072680e-09
7.092688232660293579e-03
5.993455648422241211e-01
9.178432464599609375e+01
2.566029052734375000e+02
2.095399424433708191e-03
2.499950927734375000e+03
1.239138327946420759e-06
1.324220560491085052e-03
1.018917467445135117e-02
7.928400993347167969e+00
1.359720045002177358e-05
1.073885498046875000e+03
1.218433666229248047e+01
5.493673495948314667e-03
9.615421891212463379e-01
2.910187005996704102e+00
1.055596733093261719e+01
3.105328069068491459e-04
1.403086423873901367e+00
2.763687371043488383e-05
4.275908172130584717e-01
1.369502628222107887e-03
5.100514984130859375e+01
2.790637154248543084e-05
8.350234031677246094e-01
2.736725937500000000e+05
8.541265130043029785e-02
1.788911093750000000e+05
2.463087890625000000e+04
2.573402643203735352e+00
2.172959037125110626e-02
2.567498572170734406e-02
3.399439738132059574e-04
1.291491889953613281e+01
1.399046063423156738e+00
3.786954283714294434e-01
3.092811908572912216e-03
3.398570418357849121e-02
7.598596811294555664e-02
1.543411985039710999e-02
4.815001448150724173e-04
1.476830840110778809e+00
3.133149658203125000e+03
3.725931346416473389e-01
6.143471691757440567e-04
5.989131750538945198e-04
4.251435995101928711e-01
4.228309765625000000e+04
6.591634750366210938e+00
3.781715035438537598e-02
5.262843333184719086e-04
2.079505750000000000e+06
2.235080718994140625e+01
1.959066625000000000e+06
1.308918294773760000e+14
1.995457261800765991e-01
3.832580871582031250e+02
6.899101734161376953e-01
6.637676805257797241e-02
1.254332211200000000e+10
1.608470483915880322e-05
9.636788964271545410e-01
1.553635711669921875e+02
2.293947143554687500e+02
5.141605224609375000e+02
2.641685796334058978e-06
3.721032333374023438e+01
1.607043400000000000e+07
3.382435766980051994e-03
6.442439625971019268e-04
3.156302571296691895e-01
3.377430438995361328e-01
1.667565155029296875e+01
2.400809433311223984e-03
8.074312063399702311e-05
3.117031494140625000e+03
7.157497107982635498e-02
1.509991359710693359e+01
5.174448490142822266e+00
2.514402847737073898e-03
9.100645184516906738e-01
3.460494190221652389e-05
4.487915039062500000e+01
1.942553211620179354e-07
2.199372204358951421e-07
3.849673569202423096e-01
8.587689138948917389e-03
4.825120703125000000e+04
1.649715728759765625e+02
5.270265579223632812e+01
2.999943494796752930e-01
4.949799728393554688e+01
2.718391269445419312e-02
1.254991948371753097e-04
2.880558204650878906e+01
1.870089361144522400e-10
1.606677551269531250e+02
3.904709956259466708e-06
1.065556645393371582e+00
2.159722595214843750e+02
1.219212263822555542e-01
6.747577572241425514e-05
1.124371528625488281e+00
7.695404313778908545e-09
1.263451427221298218e-01
5.060848593711853027e-01
3.459093719720840454e-02
1.164918661117553711e+00
1.779351600000000000e+07
2.122164249420166016e+00
2.592154032754478976e-06
8.025163412094116211e-02
7.696986675262451172e+00
3.347840538481250405e-05
1.718102991580963135e-01
1.467225886881351471e-02
2.144674682617187500e+02
4.933772812500000000e+05
7.477855542674660683e-04
3.539032226562500000e+03
9.593129903078079224e-02
4.594813287258148193e-02
1.164319000244140625e+02
1.107818912714719772e-03
7.351922607421875000e+02
4.014123439788818359e+00
1.691041374206542969e+01
1.507651060819625854e-02
1.761541366577148438e+00
2.880669784545898438e+01
1.158469200134277344e+00
8.879278000000000000e+06
1.420873331881011836e-06
3.384830961294937879e-06
1.392374992370605469e+00
7.272553443908691406e-01
2.040030956268310547e-01
4.446080322265625000e+02
1.280936645343899727e-03
3.481182083487510681e-02
1.274169687500000000e+05
5.327688476562500000e+03
5.675449829101562500e+02
4.164080619812011719e+00
5.708062171936035156e+00
4.331075191497802734e+00
4.203656250000000000e+03
3.710860255523584783e-06
1.986342239379882812e+01
3.561003599315881729e-03
3.346202636718750000e+03
3.934357664547860622e-06
1.022688293457031250e+01
1.293357345275580883e-04
7.428098000000000000e+06
2.616007566452026367e+00
1.623700931668281555e-02
1.032092475891113281e+01
2.259832471609115601e-01
4.523704433267994318e-07
1.043956041336059570e+00
3.441578149795532227e-01
3.348678750000000000e+05
1.874523353576660156e+01
2.622771076858043671e-02
4.541128540039062500e+01
1.897422783076763153e-02
5.089555382728576660e-01
1.771703391568735242e-04
8.145512500000000000e+04
1.177729945629835129e-02
1.178524780273437500e+02
9.118212699890136719e+00
4.151739180088043213e-03
4.868918495049001649e-07
1.888756718750000000e+05
1.060658569335937500e+02
6.433645629882812500e+02
8.775407714843750000e+02
4.837087169289588928e-02
2.120326995849609375e+00
1.373945027589797974e-01
4.276956787109375000e+02
1.508163768448866904e-05
2.209026813507080078e+00
2.854261398315429688e+00
9.189559173583984375e+01
3.622953221201896667e-02
7.733783391472570656e-09
1.881637796759605408e-02
1.419045925140380859e+01
8.162108249962329865e-03
3.103750932496041059e-04
6.833238154649734497e-02
9.393538475036621094e+00
6.404495716094970703e+00
1.033056139945983887e+00
1.769473019521683455e-04
3.787075669196800000e+13
5.712031173706054688e+01
1.058358848094940186e-01
2.967187643051147461e+00
2.593836784362792969e+01
7.951656356453895569e-03
4.661517590284347534e-02
1.428709687500000000e+05
4.215964145259931684e-05
2.429520711302757263e-03
6.321861648559570312e+01
1.218491210937500000e+03
1.118240691721439362e-02
5.661272098222980276e-06
7.582403421401977539e-01
1.268249023437500000e+03
4.994551953125000000e+04
4.082328697307957555e-09
4.419741034507751465e-02
1.116871982812881470e-01
4.243556152343750000e+03
5.759965419769287109e+00
2.724674034118652344e+01
7.747794389724731445e-01
1.091514587402343750e+00
2.377612792968750000e+03
3.267442286014556885e-01
2.696118116378784180e+00
1.812245025634765625e+02
1.189928203125000000e+05
1.654718017578125000e+01
1.715550937500000000e+05
6.609739379882812500e+02
1.757580757141113281e+01
1.949132232666015625e+02
6.024319076538085938e+01
2.631977272033691406e+01
3.764090314507484436e-02
1.759001548862215714e-07
8.709550835192203522e-03
3.719679117202758789e-01
3.212046861648559570e+00
2.073242375000000000e+06
4.364600172266364098e-04
5.769234375000000000e+03
3.006185770034790039e+00
4.621241390705108643e-01
1.045120101572649673e-09
4.960236206054687500e+02
1.758445922851562500e+03
8.076049804687500000e+01
9.379368591308593750e+01
3.368660941305279266e-07
3.847721591591835022e-02
3.772234320640563965e-01
6.909931107657030225e-05
8.445003628730773926e-02
3.155005470034666359e-05
7.250968217849731445e-01
2.636802148437500000e+04
1.093607177734375000e+03
1.638145535252988338e-03
1.609803161621093750e+02
2.633673191070556641e+00
3.794561326503753662e-02
5.565955489873886108e-02
1.374926209449768066e+00
2.491362571716308594e+00
1.441099548339843750e+02
2.131540222167968750e+02
7.717864215373992920e-02
2.411694802195718523e-11
2.116885334253311157e-01
1.481468934798613191e-04
4.566427171230316162e-01
1.505094696767628193e-03
4.934936141967773438e+01
2.825563587248325348e-02
7.573538085937500000e+03
1.211812347173690796e-01
3.901042938232421875e-01
1.756026990484826911e-09
5.268234252929687500e+02
1.811715126037597656e+00
5.526474609375000000e+02
1.283893515625000000e+05
7.570665329694747925e-02
2.513309082031250000e+03
3.186461050063371658e-03
3.017140750000000000e+06
2.655622005462646484e+00
9.335038065910339355e-01
3.126023292541503906e+00
9.191281860694289207e-04
2.757030725479125977e-01
9.603924480000000000e+08
3.096682392060756683e-02
1.006091237068176270e+00
3.051751403808593750e+02
2.305038452148437500e+00
1.265452057123184204e-02
9.694714546203613281e-01
1.078791999816894531e+01
2.487003517150878906e+01
6.851458750000000000e+05
2.136896526394593820e-08
1.227784203365445137e-03
2.346121788024902344e+00
7.333182293223217130e-05
6.850944995880126953e+00
1.648847699165344238e+00
7.354312294400000000e+10
2.210988663136959076e-02
4.789363220334053040e-02
1.314721941947937012e+00
1.283250153064727783e-01
5.146824717521667480e-01
1.379052368164062500e+03
8.875612616539001465e-01
6.421843136195093393e-05
2.227653794761863537e-06
9.967372894287109375e+01
5.429081153124570847e-03
5.625307676382362843e-04
3.995438284800000000e+10
1.141031621955335140e-03
3.478785743936896324e-03
3.811556816101074219e+00
2.548851318359375000e+02
1.153069591522216797e+01
3.100037813186645508e+00
7.092451477050781250e+01
1.844976305961608887e+00
7.990508079528808594e-01
3.126607513427734375e+01
5.022851467132568359e+00
1.586901769042015076e-02
5.171315933694131672e-05
8.964514560000000000e+08
5.580887695312500000e+03
1.466117431640625000e+03
4.196153895463794470e-04
2.154340147972106934e-01
1.347112541020487680e+17
4.441694915294647217e-02
1.239947414398193359e+01
1.188114285469055176e-02
5.441690795123577118e-03
1.185878808593750000e+04
9.038069760000000000e+08
3.362180468750000000e+04
2.671501133590936661e-03
5.821381568908691406e+00
3.294819259643554688e+01
7.772890385240316391e-03
2.354291015625000000e+03
4.556611328125000000e+03
1.776505112648010254e+00
3.380808410644531250e+02
9.361486881971359253e-03
1.127156448364257812e+01
5.165845870971679688e+00
1.843237280845642090e-01
1.309304714202880859e+01
6.213636994361877441e-01
2.764817327260971069e-02
9.180228271484375000e+02
1.333143949508666992e+00
2.668629687500000000e+04
3.568701200000000000e+07
8.649197977600000000e+10
1.537721406250000000e+05
5.295136477798223495e-03
1.424995298293652013e-05
3.065455937758088112e-03
1.129910707473754883e+00
1.507529057562351227e-02
1.686155676841735840e+00
9.020656250000000000e+05
7.816586494445800781e+00
4.413746297359466553e-03
1.961231082677841187e-01
3.180032348632812500e+02
7.131810486316680908e-02
1.660915781250000000e+05
4.030825312500000000e+05
2.924825906753540039e+00
9.619227051734924316e-02
1.074291610717773438e+01
9.794952869415283203e-01
1.286805258132517338e-03
5.749057292938232422e+00
3.202828750000000000e+05
5.351699829101562500e+01
5.088279724121093750e+00
4.056937109375000000e+04
1.838078373111784458e-03
9.884464740753173828e-02
6.457465887069702148e-02
2.156792640686035156e+01
7.879511453211307526e-03
4.152537882328033447e-01
3.095760583877563477e+00
2.636227130889892578e+00
3.438765108585357666e-01
2.338492635090005933e-07
5.996320312500000000e+04
8.144585937500000000e+03
3.617096081143245101e-05
1.047920249402523041e-02
4.808500061035156250e+02
1.901704311370849609e+00
1.186716631054878235e-01
9.173130989074707031e+00
3.749973839148879051e-03
3.625397265625000000e+04
2.664614617824554443e-01
9.515604248046875000e+02
5.571649920000000000e+08
3.848141932394355536e-05
3.785666823387145996e-01
5.825387835502624512e-01
9.628385901451110840e-01
2.271581298828125000e+03
3.979580011218786240e-03
6.746161488990765065e-06
1.995781421661376953e+00
1.389385223388671875e+00
9.323016405105590820e-01
1.960712969303131104e-01
1.301221004723629449e-06
1.692202128469944000e-02
1.261907882690429688e+02
5.723797529935836792e-02
3.487111328125000000e+03
3.632052312241285108e-07
inf
1.901476502418518066e+00
2.364677935838699341e-02
1.084813117980957031e+00
1.008763536810874939e-01
1.129288101196289062e+01
4.948000183105468750e+02
1.796049708957525581e-08
5.218879699707031250e+00
1.197096025862265378e-05
4.349937196820974350e-03
2.907288632059135125e-09
3.863761718750000000e+03
1.172098827362060547e+01
8.272526264190673828e-01
3.871288146972656250e+02
1.738956756369702816e-09
1.330757427215576172e+01
8.108655929565429688e+00
4.199571228027343750e+01
6.160938646644353867e-04
6.579659134149551392e-02
5.971012115478515625e+01
9.987568773794919252e-05
2.292118408203125000e+03
2.679717838764190674e-01
7.899894714355468750e+01
1.187606677412986755e-01
2.303556060791015625e+02
1.176337249830794462e-07
1.449899934232234955e-02
4.114340408705174923e-04
2.224855232238769531e+01
1.735667610168457031e+01
4.532852813099452760e-07
3.056562127312645316e-05
7.797491271048784256e-03
2.978950040414929390e-03
4.656254296875000000e+04
4.960610568523406982e-01
5.611691284179687500e+01
1.157283210754394531e+01
6.461705017089843750e+01
1.873844238281250000e+03
1.395522832870483398e+00
1.276246644556522369e-02
1.253241300582885742e-01
6.028169631958007812e+01
1.372097015380859375e+00
1.473788768053054810e-01
2.301223993301391602e+00
5.346589088439941406e+00
1.625689849853515625e+02
2.986142158508300781e+00
1.573700937500000000e+05
2.051378972828388214e-02
2.279601600000000000e+07
1.914986801147460938e+01
1.482780075073242188e+01
2.640903282165527344e+01
1.288734665649826638e-06
6.430501953125000000e+03
7.737827301025390625e-01
7.451877593994140625e+01
8.967900276184082031e-02
3.206216335296630859e+00
6.355376000000000000e+06
1.844924502074718475e-02
9.160462890625000000e+03
1.044625490903854370e-01
9.685080647468566895e-01
1.430494040250778198e-01
1.376596212387084961e+00
8.504647994413971901e-04
1.340272436838400000e+13
2.728902587890625000e+03
8.819494978524744511e-04
2.349914750635062610e-12
1.028395996093750000e+02
1.577676415443420410e+00
4.466206073760986328e+00
4.665112122893333435e-02
1.261993750000000000e+04
4.910337219238281250e+02
8.146987056534271687e-06
4.559914581477642059e-03
4.773671875000000000e+03
1.039422601461410522e-01
2.704907274164725095e-06
4.733404922485351562e+01
3.692926838994026184e-03
4.544962663203477859e-03
3.276337890625000000e+02
5.248763656616210938e+01
1.452325312500000000e+05
9.885672280773860621e-10
1.536662429571151733e-01
4.301702231168746948e-02
1.328541601562500000e+04
1.420909445732831955e-02
8.160848999023437500e+01
3.048393316566944122e-02
2.641581892967224121e-01
2.977824071422219276e-03
2.665551193058490753e-02
1.233726882934570312e+01
