8.556346297264099121e-01
9.349328279495239258e-01
9.417077898979187012e-01
7.901977300643920898e-01
9.330860376358032227e-01
1.011578321456909180e+00
9.808527827262878418e-01
1.419731736183166504e+00
1.000328183174133301e+00
1.515327334403991699e+00
9.182364344596862793e-01
6.623697876930236816e-01
1.016709685325622559e+00
9.190293550491333008e-01
1.957174181938171387e+00
9.130436182022094727e-01
1.456203341484069824e+00
8.967216610908508301e-01
1.766909956932067871e+00
9.766227602958679199e-01
8.061603903770446777e-01
5.423116683959960938e-01
2.832723557949066162e-01
9.687747271058810838e-10
1.333366927980250694e-08
2.540043508858502719e-09
6.519424999851253233e-09
2.990943244185473304e-07
1.525544454487621354e-16
3.547092056274414062e+01
2.213899119842747780e-15
1.761503916137668489e-37
3.269854479954863169e-14
1.846022927619664356e-14
6.482237040472682565e-07
4.415053772034940006e-18
1.723702549934387207e-01
1.457465028385004219e-14
2.930447868940531119e-21
1.775640994310379028e-01
3.965593874454498291e-03
1.078914642333984375e+00
2.977232349543612600e-11
2.905632326318347716e-25
3.179204213665798306e-05
5.489368034273138686e-19
1.356461811065673828e+01
2.927406095309947887e-10
1.303934761276335727e-17
6.813515029957528668e-12
1.359093459996074671e-08
1.822616357968417922e-14
6.215220600677745052e-25
1.531519519630819559e-04
8.490067102684406564e-07
1.977027214449542163e-34
1.403741862494470625e-35
1.486566364765167236e-01
2.258732129121199250e-04
4.258334668092485915e-32
1.781424884939042386e-06
6.895416504448803607e-08
1.677507586235905263e-14
8.486962315146229230e-07
7.136709626043291621e-12
2.449050962027854439e-09
3.204050306321315489e-12
4.261091533872690684e-13
1.175031570710416418e-06
2.090955177602000544e-27
4.032545419312953225e-32
2.385665992012120373e-13
1.687040821707341820e-06
2.955104969441890717e-02
3.530789613723754883e-01
1.597233989514279529e-07
1.009715138934552670e-03
1.225865526066627353e-05
1.322706193408593470e-23
3.932268193788251986e-13
5.525416924001547159e-08
7.478260248899459839e-02
3.555793685727331597e-23
1.514520532437343449e-15
0.000000000000000000e+00
4.349283576011657715e-01
3.315188124020096438e-09
0.000000000000000000e+00
1.556215920572867617e-07
0.000000000000000000e+00
2.734587669372558594e+00
1.407856878921278203e-19
7.477328605637223890e-42
2.905637491494417191e-03
4.867525831286911853e-07
1.961559064511675388e-06
0.000000000000000000e+00
0.000000000000000000e+00
6.265918339742881926e-11
0.000000000000000000e+00
0.000000000000000000e+00
0.000000000000000000e+00
3.575283335521817207e-04
0.000000000000000000e+00
0.000000000000000000e+00
3.139736056327819824e-01
0.000000000000000000e+00
7.466570287942886353e-02
9.036906361579895020e-01
0.000000000000000000e+00
3.477972338567728722e-16
1.371710840612649918e-02
4.678658675402402878e-03
1.121038771459853657e-44
5.183220850737136119e-40
3.460900455110049734e-10
1.353275933979602996e-06
3.468943759799003601e-05
3.262404391080053756e-07
2.111554041267586893e-17
1.236297748619108461e-07
4.974609548353100602e-43
2.232268453669433594e-41
1.280242763459682465e-02
5.902894599785213359e-07
8.178046345710754395e-01
7.335473317652940750e-03
2.141402510460466146e-04
5.830680578947067261e-02
2.240676244455382496e-42
0.000000000000000000e+00
4.013489226014795604e-28
6.434749811887741089e-04
7.582776714116334915e-03
7.016875983335231111e-30
3.084546915488317609e-05
1.186462584882974625e-02
1.340822782367467880e-03
3.951428152504377067e-05
1.226189115161951355e-29
3.469382840734426707e-29
1.157542467117309570e-01
5.190862715244293213e-02
3.337431407999247313e-04
1.746416387016593084e-25
4.401938662859934690e-38
4.233760249765835659e-16
1.182151399552822113e-02
1.535746008157730103e-01
0.000000000000000000e+00
1.642572124231327423e-20
2.162060001865029335e-03
2.951483293145429343e-05
9.061277839172987569e-10
3.425095637794584036e-04
0.000000000000000000e+00
5.509320089913671836e-06
2.236552942846969927e-09
9.505769610404968262e-02
0.000000000000000000e+00
3.054467410124400853e-32
6.950933311600238085e-05
4.021163048739223473e-31
0.000000000000000000e+00
4.716076091426657513e-06
4.180514719337224960e-03
7.529972586780786514e-03
3.163921646773815155e-04
1.725845970213413239e-02
4.486835561692714691e-03
0.000000000000000000e+00
4.768540551432711008e-29
4.389417881611734629e-05
0.000000000000000000e+00
0.000000000000000000e+00
0.000000000000000000e+00
5.036042928695678711e-01
1.971770823001861572e-02
1.286552651523151236e-13
1.106180017814040184e-03
1.762072372457623715e-07
7.549870038024272136e-36
5.098109249956905842e-04
3.066536737605929375e-03
1.352803224108356517e-06
2.886269840018940158e-06
0.000000000000000000e+00
1.649892801394521450e-23
7.591657777084037662e-05
1.177866816520690918e+00
8.093392125374521129e-07
1.214183196425437927e-01
1.354068005561597075e-21
6.850251626413517393e-28
8.770602211937174186e-30
5.395316984504461288e-03
1.165609428426250815e-04
1.282773733139038086e+00
0.000000000000000000e+00
0.000000000000000000e+00
3.403372630716005886e+26
1.553890228271484375e+02
6.748346686363220215e-01
1.679560244083404541e-01
6.062102317810058594e-01
1.281282482058035200e+16
1.874863308800000000e+10
1.236139927142400000e+13
7.163229584693908691e-02
1.298950800000000000e+07
1.066956400871276855e+00
2.694731201171875000e+03
1.162476730346679688e+02
5.721766352653503418e-01
5.896842187500000000e+04
2.377062606811523438e+01
7.312646250000000000e+05
1.015524029731750488e+00
6.971356964111328125e+01
1.349451637268066406e+01
3.125801467895507812e+01
5.904890625000000000e+03
1.295316317625047319e+22
6.560424804687500000e+01
2.504786220273238102e+31
1.921661567687988281e+01
2.017066345214843750e+02
6.181557655334472656e+00
5.247653648257255554e-02
6.770734786987304688e+00
1.776752734375000000e+04
3.950505703687667847e-02
1.464594375000000000e+05
1.557437948499066880e+17
4.073145985603332520e-02
6.978107910156250000e+03
8.773330688476562500e+00
3.703808069229125977e+00
3.141445922851562500e+01
5.555057152000000000e+09
2.853289985656738281e+01
3.905652837580800000e+13
8.092824935913085938e+00
5.023852465652708147e+19
6.438338083317350400e+17
1.100769958496093750e+02
2.377855777740478516e-01
4.378563051520000000e+11
1.105515766143798828e+01
4.320299148559570312e+00
4.560501482762415374e+21
1.447484672000000000e+09
5.024342000000000000e+07
5.466817807985202703e+28
3.637746810913085938e+01
3.449457762500472985e+26
6.512688636779785156e+00
1.532309226231707896e+28
5.104004497408000000e+12
1.783854429477273600e+16
2.269177436828613281e+00
5.308297764757473570e+23
7.845075593723904000e+16
1.064878031611442566e-01
3.479896320000000000e+08
3.854408979415893555e+00
3.984769155072000000e+13
1.000815417582561048e+25
5.777773437500000000e+04
1.294864044189453125e+02
8.775226026773452759e-02
7.864212890625000000e+03
6.958194730836386487e+23
9.542145507812500000e+03
3.972425460815429688e-01
2.176035937297979241e+23
4.508205468750000000e+04
1.356278411275421073e+25
2.744166254997253418e-01
1.072269082069396973e+00
3.334620036184787750e-03
5.294668371789157391e-04
1.842743375000000000e+06
8.454357031250000000e+04
2.622800292968750000e+02
1.014684906005859375e+02
1.521580810546875000e+02
3.329789936542510986e-01
2.127012994346155728e+23
6.787023200000000000e+07
5.214618478980532430e+22
2.728073883056640625e+01
1.045229928448000000e+12
3.067958914471091703e-06
5.157510563731193542e-02
8.608811497688293457e-01
4.486871107709698048e+18
2.947543945312500000e+03
8.573582031250000000e+03
5.535765664808695130e+22
1.687057316303253174e-02
1.424355864524841309e+00
1.518885707855224609e+01
8.734340930754890957e+19
1.474644947052001953e+01
5.518836669921875000e+02
4.247481450380656640e+17
1.394809484481811523e-01
7.586979328000000000e+09
1.100720291137695312e+02
4.047355200000000000e+08
8.931207195782021120e+17
2.825348864000000000e+09
3.631918353741774848e+18
2.505947658321920000e+14
7.524945052355788800e+16
2.796953927680000000e+11
2.346309274435043335e-02
1.689868970103930880e+18
1.087400689721107483e-01
4.423900878906250000e+03
4.581117331981658936e-01
1.948481945600000000e+10
1.251017600297927856e-01
1.282809143066406250e+02
7.650078172905472000e+15
1.765496303124480000e+14
2.943684959411621094e+01
1.108106171875000000e+05
1.077096328735351562e+02
1.252852017476059267e+21
3.913070297241210938e+01
2.701475585937500000e+03
2.174954700800000000e+10
4.781496093750000000e+03
1.139979809522628784e-01
1.763988137245178223e-01
4.782292544841766357e-01
1.356880348918579200e+16
1.914046020507812500e+03
3.410645483520000000e+11
2.866838996254720000e+14
9.026715755462646484e-01
1.102242906112000000e+12
1.711888465920000000e+11
1.611736118793487549e-01
1.451146087646484375e+02
4.742367968750000000e+04
5.370970535278320312e+01
9.681709301760000000e+11
1.621184349060058594e+00
4.819478852403200000e+13
3.216342926025390625e-01
4.053819142963200000e+13
6.671149444580078125e+01
6.834213120000000000e+08
2.634184814453125000e+03
2.054952345600000000e+10
3.517010688000000000e+09
1.741304993629455566e-02
2.514146232604980469e+01
7.372227311134338379e-02
1.281860096000000000e+09
6.233260035514831543e-01
1.159471273422241211e+00
6.982980251312255859e+00
1.665751660363776000e+15
4.007564485073089600e-01
7.796620800000000000e+07
1.187957875000000000e+06
8.761542023577600000e+13
2.803845382012928000e+15
1.387426086912000000e+12
4.489223782400000000e+10
7.284725189208984375e+00
1.938608147660800000e+13
5.355133209377527237e-03
4.238994636800000000e+10
2.006725017600000000e+10
1.418765440000000000e+08
2.317843164062500000e+04
3.547599360000000000e+08
2.192317843437194824e-01
4.638534080000000000e+08
2.743242632569961841e+20
3.160625398159027100e-01
3.402183203125000000e+04
1.575557017600000000e+10
2.252607910156250000e+03
5.995313495225139200e+16
2.333781242370605469e+01
2.648425292968750000e+02
8.769196628377600000e+13
2.244049280000000000e+08
2.237806767225265503e-01
3.047768750000000000e+06
7.712846500000000000e+06
5.277391200000000000e+07
1.062425017356872559e+00
1.226714600000000000e+07
8.254967187500000000e+04
8.541979370117187500e+02
4.190557812500000000e+04
3.642902080000000000e+08
3.487227343750000000e+04
4.379860311746597290e-02
2.580222208000000000e+09
1.665951203328000000e+12
1.121351337432861328e+01
9.039321914315223694e-03
8.691143778343321600e+16
3.309204101562500000e+01
1.847998046875000000e+04
8.853008000000000000e+08
1.399340924928000000e+12
5.995881652832031250e+01
1.760800369083881378e-02
3.926462800000000000e+07
4.102490234375000000e+01
1.405183553695678711e+00
2.385585327148437500e+02
6.477445800656896000e+15
3.318866482004523277e-03
1.705616265535354614e-01
4.834594062500000000e+05
1.504283447265625000e+03
2.151150240000000000e+08
6.938136960000000000e+08
1.928222250000000000e+06
7.515328500000000000e+06
9.066926240921020508e-01
3.187614720000000000e+10
1.361865625000000000e+05
4.886195312500000000e+05
1.920107879638671875e+02
1.003102500000000000e+07
1.522704410552978516e+01
5.760272145271301270e-01
5.412859609350562096e-04
6.158991360000000000e+09
6.318459533131776000e+15
9.608016610145568848e-01
2.383814687500000000e+05
7.389931929600000000e+10
7.693462848663330078e+00
5.187985229492187500e+01
1.138384689577328640e+17
4.515036588408832000e+15
2.940530273437500000e+03
7.397027840000000000e+09
2.244466176000000000e+09
1.231112880000000000e+08
7.900564843750000000e+04
3.699928125000000000e+05
1.221758842468261719e+01
1.941027984619140625e+02
3.500464687500000000e+05
9.173200726509094238e-01
2.673663330078125000e+02
1.597740200000000000e+07
3.314712905883789062e+01
6.342892032000000000e+09
7.655762881040573120e-02
1.480070875000000000e+06
2.800949707031250000e+02
2.223567360000000000e+09
1.307005625000000000e+06
2.377209800000000000e+07
2.564362907409667969e+01
5.660481250000000000e+04
1.961412239074707031e+01
3.143688000000000000e+06
4.752766000000000000e+06
3.388228988647460938e+01
2.490463041417767194e+27
7.991598437500000000e+04
5.280310807756800000e+13
7.043640944175422192e-04
1.202888066282155087e+30
inf
3.939474105834960938e+00
3.420586884021759033e-01
6.877443500000000000e+06
1.445000610351562500e+02
7.786293979734182358e-03
3.154067968000000000e+09
4.150232672691345215e-02
6.817641258239746094e-01
3.668536758422851562e+01
4.057093620300292969e+00
8.786830426112000000e+12
7.688058540225028992e-04
2.477327500000000000e+06
5.986809730529785156e-01
5.303051200000000000e+07
2.987081600000000000e+07
6.915363311767578125e+01
1.601339912414550781e+01
8.204862500000000000e+04
7.964921183884143829e-03
1.356929760000000000e+08
3.011564273664000000e+12
7.243506688000000000e+09
3.121814690530300140e-02
6.015494918823242188e+01
2.902514503222558720e+17
1.036671796875000000e+05
3.768394291400909424e-01
3.919254779815673828e+00
9.029380505600000000e+10
5.259946919977664948e-05
4.871788024902343750e+01
6.911003648000000000e+09
3.163909687500000000e+05
4.371214599609375000e+02
3.003427225600000000e+10
7.315595149993896484e+00
2.395634880000000000e+08
1.566006600000000000e+07
1.875217651367187500e+03
2.837868652343750000e+02
2.438392088755333935e+24
5.549862670898437500e+01
3.061254882812500000e+01
3.890000128000000000e+09
2.026184463500976562e+01
3.037167616000000000e+12
3.247823953628540039e+00
5.138520617038011551e-03
4.591616996147200000e+13
1.931377664000000000e+09
6.617575073242187500e+01
7.966962738623047270e+19
2.134037343750000000e+05
6.558421300724148750e-04
7.859985280000000000e+08
6.785599231719970703e+00
5.260871410369873047e+00
2.715910077095031738e-01
7.188449853440000000e+14
1.591924133300781250e+02
7.341871319744512000e+15
9.928822631835937500e+02
2.238703750000000000e+06
9.664406776428222656e-01
5.230067670345306396e-02
6.822565307617187500e+02
6.346713638305664062e+01
1.575872302055358887e+00
3.662624359130859375e+00
1.204008652800000000e+10
1.264678941849595157e+24
1.303245306015014648e+00
6.257361292227869853e-06
3.069237812500000000e+05
3.798336181640625000e+03
1.275385172702637644e+25
1.549078226089477539e-01
9.364344726562500000e+03
4.208640670776367188e+01
1.072135493159294128e-01
1.327635601455767755e-07
1.610822868347167969e+01
2.037198829650878906e+01
6.165565276160000000e+11
5.687094852328300476e-02
7.555632852017879486e-03
1.346296093750000000e+05
1.336403427328000000e+12
2.137499570846557617e+00
2.809552550315856934e-01
1.477176361083984375e+02
1.262661666870117188e+02
4.386845111846923828e+00
5.095214117318391800e-03
1.771076393127441406e+01
1.229894500000000000e+06
5.567195312500000000e+03
2.113635838031768799e-01
2.566787353515625000e+03
1.051247875000000000e+06
7.930511474609375000e+00
2.227056585252285004e-02
1.626554875000000000e+06
4.328805971454130486e-06
1.501474082469940186e-01
2.041279897093772888e-02
4.191078491210937500e+02
7.221194458007812500e+01
9.058588743209838867e-02
9.721520543098449707e-02
2.306419372558593750e+02
7.264445304870605469e+00
1.740109280000000000e+08
5.462248500789601935e+34
4.365330696105957031e+00
1.061654090881347656e-01
1.677849679253995419e-03
2.301307650048000000e+12
9.713728000000000000e+06
1.208449750000000000e+06
1.929058437500000000e+05
1.054610900878906250e+02
9.417352294921875000e+01
6.952811279296875000e+02
3.383945922851562500e+02
1.317125585937500000e+04
2.056451600000000000e+07
6.621094703674316406e+00
5.642351508140563965e-02
4.828906500000000000e+06
3.856402734375000000e+04
1.754335471559897996e-06
1.892576739192008972e-02
1.088931504637002945e-02
3.205306828022003174e-01
2.914046386718750000e+03
3.985411071777343750e+02
4.503454566001892090e-01
7.846134155988693237e-02
3.560046997070312500e+02
1.380084480000000000e+09
1.054201293945312500e+03
3.238488108021292466e+21
4.959660156250000000e+03
1.294591795200000000e+10
4.148515136718750000e+03
3.139359876513481140e-02
1.001018062233924866e-01
2.380284576416015625e+02
5.291220188140869141e+00
3.129405155777931213e-02
2.639474405441433191e-05
8.501563221216201782e-03
1.697199791669845581e-02
1.839939117431640625e+01
5.536810029298067093e-03
3.074367065429687500e+02
4.121656819712000000e+12
3.366567427292466164e-03
6.275434570312500000e+02
1.523699951171875000e+01
3.387018966674804688e+01
7.239402294158935547e+00
3.299281311035156250e+02
2.173149200000000000e+07
6.656315326690673828e-01
5.108345703125000000e+04
9.246431589126586914e-01
6.125927936000000000e+09
1.861396878957748413e-01
1.368053793907165527e+00
1.521390676498413086e-02
2.318396186828613281e+01
5.543906875000000000e+05
7.278508692979812622e-02
1.629185676574707031e+00
2.201087214052677155e-02
1.457639597356319427e-02
2.207948091381695122e-05
6.834621582031250000e+02
1.713031158447265625e+02
3.956305980682373047e-02
8.098931908607482910e-01
6.789493560791015625e+01
1.926354169845581055e-01
7.802111148834228516e+00
1.578878238797187805e-02
3.306025314331054688e+01
3.055397748947143555e+00
2.011866681277751923e-02
1.422574818134307861e-01
1.598110253906250000e+04
3.017004288000000000e+09
3.519798219203948975e-01
6.853933930397033691e-01
2.679660797119140625e+00
3.859618072163778560e+17
5.285356044769287109e+00
6.327580625000000000e+05
6.675657625189611429e+25
1.503122436523437500e+03
1.064499200000000000e+11
7.431946396827697754e-01
1.215708770751953125e+02
3.845891475677490234e+00
2.063593417406082153e-01
9.613919258117675781e-02
1.167613378906250000e+04
1.431146717071533203e+01
4.051121771335601807e-01
5.682994872320000000e+11
1.578776733398437500e+03
7.368136882781982422e+00
1.987678647041320801e+00
1.271567821502685547e+01
7.845172119140625000e+01
5.171567916870117188e+00
6.028996582031250000e+03
5.350645996093750000e+03
3.835507000000000000e+06
7.295919954776763916e-02
1.641078997636213899e-04
8.316486816406250000e+02
3.392392873764038086e+00
1.957962214946746826e-01
7.811226844787597656e+00
3.106738567352294922e+00
1.365981500000000000e+06
2.016531562500000000e+05
3.303803515625000000e+04
2.220124062500000000e+05
2.644676923751831055e+00
1.195216029882431030e-01
1.022245828062295914e-02
1.741612434387207031e+00
2.615324196351246336e+18
6.956039071083068848e-01
1.665520016103982925e-03
1.176297144320000000e+12
1.586114807128906250e+02
2.434644126892089844e+01
7.084083200000000000e+08
2.245248556137084961e-01
7.528384208679199219e+00
2.197359281126409769e-04
1.149376010894775391e+01
6.112602949142456055e-01
3.258050084114074707e-01
3.027794361114501953e-01
1.227922320000000000e+08
1.188788574218750000e+04
2.684393226240000000e+11
2.106833457946777344e-01
1.626708917319774628e-02
7.358980923891067505e-02
1.358124542236328125e+02
1.624141502380371094e+01
4.986382126808166504e-01
2.638847508933395147e-04
8.823047782400000000e+10
1.647016499191522598e-03
5.722702792391751840e+26
2.099123477935791016e+00
2.214552879333496094e+00
8.760304450988769531e+00
5.682525600000000000e+07
7.568725347518920898e-01
2.615265846252441406e+01
4.728272184729576111e-02
4.745082259178161621e-01
3.653804302215576172e+00
3.998661017600000000e+11
7.479371130466461182e-02
4.174946289062500000e+03
5.205204615776892751e-06
5.169634823687374592e-05
7.107178866863250732e-02
8.435350799560546875e+01
2.231012451171875000e+03
1.198952078819274902e+00
2.355843968689441681e-02
1.436499658082877440e+17
7.891335990279912949e-04
4.793042838573455811e-01
1.679348999023437500e+03
5.005849838256835938e+01
3.059324622154235840e-01
1.327092526480555534e-03
5.104386800000000000e+07
1.639803498983383179e-01
3.059258544921875000e+03
1.517774939537048340e+00
1.279623955488204956e-01
6.988220416000000000e+09
1.933154453581664711e-05
1.145298004150390625e+01
1.722063869237899780e-02
1.193455815315246582e+00
4.490635681152343750e+01
1.548759174346923828e+01
2.361293824000000000e+09
3.140919547888926720e+17
8.427658081054687500e-01
8.821530938148498535e-01
1.044676953125000000e+04
4.832000128267059200e+16
1.166826015625000000e+05
1.375131774693727493e-03
3.031001091003417969e+01
2.385561227798461914e+00
1.480893249511718750e+02
1.726651906967163086e+00
8.006470799446105957e-01
3.623676020652055740e-04
4.058592224121093750e+01
4.482072964310646057e-02
8.438776421826332808e-05
1.430586695671081543e+00
4.486071875000000000e+04
4.486761706302734336e+18
1.200137329101562500e+03
7.380220031738281250e+01
1.852432131767272949e+00
1.329337101196870208e-04
2.407532470703125000e+03
6.765875816345214844e+00
5.968414783477783203e+00
3.233954429626464844e+00
1.362503535347059369e-04
4.160651192069053650e-02
4.079118728637695312e+00
2.210943698883056641e+00
3.256133059039711952e-04
2.530819062500000000e+05
1.476283550262451172e+01
1.440420374274253845e-02
2.419163513183593750e+01
9.608607788085937500e+02
1.467051655054092407e-01
1.469157714843750000e+03
7.021588134765625000e+02
1.987579266790850560e+17
6.604802012443542480e-01
4.469680488109588623e-01
1.194345625000000000e+06
7.520514048000000000e+09
7.995787143707275391e+00
1.598897552490234375e+02
3.263771533966064453e-03
2.693203125000000000e+04
2.812709250000000000e+06
2.742104989010840654e-04
6.412798771200000000e+10
3.282876968383789062e+01
4.995814859867095947e-01
2.560859313234686852e-03
1.093004288000000000e+09
8.871136474609375000e+02
2.918351856351364404e-05
1.316842157393693924e-03
8.865246400000000000e+07
3.307660865022912889e+21
1.208786969073116779e-03
1.956464909017086029e-02
4.287025920000000000e+09
1.790099501609802246e+00
5.436874553561210632e-02
1.688087800000000000e+07
2.982561010867357254e-03
6.183689453125000000e+04
8.682744598388671875e+01
7.227777661009920000e+14
1.193519711494445801e+00
2.280960798263549805e+00
1.639470458030700684e-03
3.915535807609558105e-01
9.589682449586689472e-04
1.901227474212646484e+00
5.551996994018554688e+01
3.703789672851562500e+02
1.521415000000000000e+05
1.225608983077108860e-03
5.771722800000000000e+07
3.781520690917968750e+02
8.298107422888278961e-03
1.753107458353042603e-02
3.585260314941406250e+02
2.307053833007812500e+02
3.617871552705764771e-04
2.111136320000000000e+08
2.095396518707275391e-01
3.009536862373352051e-01
5.159443500000000000e+06
4.745805664062500000e+03
1.941383666992187500e+02
4.665806889533996582e-02
6.591245532035827637e-02
8.783255219459533691e-01
7.578504737466573715e-03
3.244047164916992188e+00
1.340060424804687500e+02
3.025007545948028564e-01
1.178716659545898438e+00
1.169834700800000000e+10
7.276268601417541504e-01
2.488298242187500000e+04
4.735772800000000000e+07
1.621076049804687500e+03
2.393716000000000000e+08
2.300113220214843750e+02
4.409942775964736938e-02
1.185484062500000000e+05
1.356027698516845703e+01
2.163787890625000000e+04
2.528700744733214378e-03
1.265199575573205948e-02
5.702452500000000000e+06
6.736735105514526367e-01
1.418907156480000000e+11
2.334099769592285156e+00
1.776434375000000000e+04
1.216160058975219727e-01
8.168076515197753906e+00
1.688080653548240662e-02
6.881488487124443054e-03
9.182431640625000000e+03
4.720550477504730225e-01
1.594938163200000000e+10
4.586402326822280884e-02
1.504141235351562500e+01
1.373934373259544373e-02
1.556005001068115234e+00
2.862578298845619429e-07
6.568343125000000000e+05
2.447963714599609375e+00
2.087127600000000000e+07
1.914524845778942108e-02
1.461330354213714600e-01
1.712106445312500000e+03
1.165550899505615234e+01
1.550790977478027344e+01
5.352871417999267578e+00
7.008764805505052209e-05
1.706867963075637817e-01
2.377943383180536330e-05
1.169258430600166321e-01
6.214757919311523438e+00
2.267087646484375000e+03
4.173040527343750000e+03
3.541207275390625000e+03
2.787462472915649414e-01
5.875977873802185059e-02
1.187939453125000000e+02
4.862333536148071289e-01
1.291629392653703690e-02
4.060730590820312500e+02
1.440818900000000000e+07
2.758212685585021973e-01
7.884431362152099609e+00
2.598439697265625000e+03
7.481700420379638672e+00
4.740849435329437256e-01
3.707573242187500000e+02
2.479246407747268677e-01
1.186074707031250000e+04
1.852452850341796875e+02
1.774763017892837524e-01
8.766081184148788452e-03
4.071852160000000000e+08
2.329902887344360352e+00
1.403179615736007690e-01
1.824333548545837402e+00
8.583243370056152344e+00
1.061559915542602539e+00
1.151533160857600000e+13
9.824707641601562500e+02
1.126903893196800000e+13
1.776749877929687500e+02
3.689374774694442749e-03
3.349563479423522949e-02
1.231842398643493652e+00
7.084302902221679688e+00
1.051282466776498674e+22
1.755347847938537598e-01
8.854432373046875000e+02
5.651758669955597725e-07
2.482521289062500000e+04
1.418683886528015137e+00
7.174817382812500000e+03
5.944783125000000000e+05
2.452502846717834473e-01
1.725431250000000000e+04
3.124161005020141602e+00
5.019067320972681046e-03
1.687491725334068123e+35
2.112883329391479492e+00
5.600340480000000000e+09
5.390784936025738716e-04
1.476121135056018829e-03
9.171311431516160000e+14
4.264773559570312500e+01
1.429006100000000000e+07
4.238449868800000000e+10
4.876231250818818808e-04
6.866829353384673595e-04
3.384565114974975586e+00
1.508779883384704590e+00
1.483760256000000000e+09
1.741029663085937500e+02
2.824723205566406250e+02
1.268388796597719193e-02
2.062129601836204529e-02
2.249375104904174805e+00
1.439306743808000000e+12
1.082837448120117188e+02
5.172053906250000000e+04
3.749954687500000000e+05
5.322950482368469238e-01
1.016383361816406250e+01
4.767536222934722900e-01
1.668036878108978271e-01
2.510486046958249062e-05
4.153143527219071984e-05
1.040029830932617188e+02
1.154094818048179150e-03
1.305031217634677887e-02
1.079300940036773682e-01
6.898152232170104980e-01
1.309390924870967865e-02
1.971271406250000000e+05
6.964040547609329224e-02
8.664480992592871189e-05
1.365749531250000000e+05
1.110149453125000000e+05
4.021942812500000000e+05
4.750669479370117188e+00
2.704629707336425781e+01
1.330268234014511108e-01
9.694862961769104004e-01
5.427016019821166992e-01
4.886486008763313293e-02
1.900014976000000000e+09
2.247549593448638916e-01
3.287312316894531250e+02
1.285562366247177124e-01
5.141838057202411530e+22
7.037907123565673828e+00
2.931035487563349307e-05
1.470484118908643723e-02
3.784010708332061768e-01
1.062184753417968750e+02
4.125527038574218750e+02
1.101064682006835938e+01
6.533344835042953491e-02
1.896605710498988628e-03
1.932182617187500000e+04
4.179071289062500000e+03
1.004509329795837402e+00
1.946738586425781250e+02
1.195893719040000000e+11
8.182885742187500000e+01
1.630456328392028809e+00
2.834232582245022058e-04
2.313142776489257812e+00
6.440475117415189743e-03
3.876125629176385701e-05
8.517612814903259277e-01
9.864700808603495301e+20
6.313800430297851562e+01
3.078595399856567383e-01
4.376090600999305025e-06
1.637084197998046875e+01
1.255216217041015625e+01
4.079841796875000000e+04
2.361865478515625000e+03
4.657424055039882660e-03
3.209716081619262695e-01
1.443640441894531250e+02
4.114964807680000000e+11
3.429140329360961914e+00
1.806133389472961426e-01
6.613478064537048340e-02
3.516992919117001293e-08
6.684668731689453125e+01
3.138354980468750000e+03
5.931223277002573013e-03
1.522588077932596207e-02
3.898106675200000000e+10
2.696612548828125000e+01
1.497357788085937500e+03
1.155985078125000000e+05
4.658859062500000000e+05
4.280971527099609375e+00
2.493923008441925049e-01
3.511514282226562500e+01
1.685542427003383636e-02
2.296786406250000000e+05
6.565777587890625000e+01
2.716370849609375000e+02
8.969276304130048000e+15
2.116535156250000000e+03
7.612003386020660400e-02
6.333655166625976562e+01
2.771447753906250000e+02
1.848835815429687500e+03
5.284229293465614319e-02
3.493795000000000000e+06
2.259951591491699219e+01
3.374851318359375000e+03
8.456096984446048737e-04
3.226743046980118379e-06
3.414287567138671875e+01
1.180610000000000000e+08
5.389285888671875000e+02
6.846010240000000000e+08
7.719381713867187500e+02
2.786322683095932007e-02
3.304742097854614258e+00
3.999932812500000000e+05
2.439905703067779541e-02
3.760529507417231798e-04
3.716081118909642100e-05
4.751048516482114792e-03
3.471792968750000000e+04
5.353036718750000000e+04
1.779047333888000000e+12
1.283435034565627575e-03
1.567365080118179321e-01
1.061328566720476374e-05
2.218127965927124023e+00
5.662293757001728000e+16
1.868433173513039947e-05
5.974036693572998047e+00
6.361599266529083252e-02
4.824998474121093750e+02
2.478498667478561401e-01
1.509191036224365234e+01
3.117083907127380371e-01
1.102302908897399902e+00
7.946573734283447266e+00
1.989233255386352539e+00
5.662386230468750000e+03
8.263860217994078994e-05
1.602107882499694824e-01
4.736893996596336365e-02
4.749009609222412109e-01
1.425182938575744629e+00
1.197674942016601562e+01
1.445997208599841997e+19
3.063560302734375000e+03
1.244048118591308594e+00
1.048248887062072754e+00
6.148567676544189453e+00
2.721459228515625000e+03
1.305477489950135350e-04
2.167952507734298706e-01
2.126044273376464844e+01
1.985256094485521317e-04
3.336607421875000000e+04
4.771142187500000000e+05
1.387345138937234879e-03
1.107088464777916670e-04
3.766274079680442810e-02
4.653354167938232422e+00
2.200122025897144340e-06
4.077647190570132807e-06
5.560364661505445838e-05
6.299915790557861328e+00
3.333800486871041358e-05
1.689369440078735352e+00
4.035196900367736816e-01
8.328854492187500000e+03
1.445579785156250000e+04
7.332954375000000000e+05
9.020085633024000000e+13
2.008238080000000000e+08
5.893643572926521301e-02
4.080082289874553680e-03
7.793792724609375000e+01
1.642993408203125000e+03
1.341950800269842148e-02
2.226979285478591919e-01
1.540229558944702148e+00
6.180367279052734375e+01
8.637553401058539748e-05
3.246896713972091675e-02
2.493708593750000000e+04
8.598880800000000000e+07
8.084232500000000000e+06
7.470388710498809814e-02
7.988979667425155640e-02
1.272176299244165421e-02
7.105293869972229004e-02
1.385377545375376940e-04
1.073879882812500000e+03
6.508621215820312500e+02
1.297208720000000000e+08
2.125658035278320312e+00
6.284820556640625000e+00
9.101023524999618530e-02
6.516046080000000000e+08
1.372730350494384766e+01
6.990593075752258301e-01
1.558411717414855957e-01
2.050825683593750000e+03
9.311730861663818359e-01
6.581312417984008789e-02
2.885938994586467743e-02
3.240696716308593750e+02
1.692235283553600311e-02
1.356917470693588257e-01
3.004008243200000000e+10
1.739424624247476459e-04
3.457902857917360961e-05
9.295503497123718262e-01
8.812327075840000000e+12
1.849362945556640625e+01
7.187811136245727539e-01
9.513706970214843750e+01
2.053229882812500000e+04
1.981534478545654565e-05
9.617420196533203125e+01
1.035001222044229507e-02
9.224531173706054688e+00
6.296206474304199219e+00
6.962431918080000000e+12
3.369952678680419922e+00
1.593605428934097290e-01
3.058598144531250000e+03
8.491687476634979248e-03
3.191636800765991211e-01
2.688342135570565006e-07
1.257104736328125000e+03
6.375751876831054688e+01
1.435949325561523438e+00
2.014072239398956299e-01
1.506026245117187500e+03
7.723509669303894043e-01
1.673260121606290340e-03
4.597507953643798828e+00
2.545381307601928711e+00
3.669603168964385986e-01
4.748713493347167969e+00
5.881740722656250000e+02
3.003994521600000000e+10
2.150743454694747925e-02
2.801736250000000000e+05
3.619932383298873901e-02
1.409481018781661987e-01
2.987448498606681824e-02
5.826910018920898438e+01
5.486007466970477253e-06
3.522484898567199707e-01
4.770491478835200000e+13
5.184428021311759949e-02
1.697132438421249390e-01
5.552281250000000000e+03
2.452520653605461121e-03
5.664766584422400000e+14
1.899556707485317020e-07
4.804658889770507812e-01
8.234934997558593750e+01
1.914743847919453401e-07
5.533701875000000000e+05
6.087720394134521484e-04
1.958992004394531250e+02
4.822250366210937500e+00
2.086797790527343750e+02
6.044142723083496094e+00
6.945019215345382690e-02
2.565331161022186279e-01
1.306299585849046707e-03
4.922132000000000000e+07
4.471190273761749268e-01
1.872814735360000000e+11
1.116152033209800720e-01
5.602259625447914004e-05
7.433298110961914062e+00
4.850446224212646484e+00
6.897927761077880859e+00
4.169938659667968750e+02
2.310623359680175781e+01
3.098734750000000000e+06
2.528598546981811523e+00
6.526466064453125000e+02
5.748184630647301674e-04
1.709664459228515625e+02
4.508239843750000000e+04
1.616241760253906250e+02
6.411956405827368144e-07
9.375289678573608398e-01
1.053933352231979370e-01
1.285015583038330078e+00
1.077173292287625372e-04
2.144341468811035156e-01
3.201351463794708252e-01
3.962862000000000000e+07
9.245169639587402344e+00
1.029552332800000000e+10
1.815777778625488281e+00
3.606895683333277702e-03
2.896734619140625000e+02
1.207085312000000000e+09
5.482571601867675781e+00
3.004469908773899078e-05
1.317000482231378555e-02
1.050433963537216187e-01
3.082772493362426758e+00
2.300924621522426605e-03
8.643104592920280993e-06
1.322532534599304199e+00
2.054201904684305191e-03
1.133228875000000000e+06
4.220946788787841797e+00
4.640258312225341797e+00
2.258156090974807739e-01
4.463960602879524231e-02
3.977818787097930908e-01
2.493847608566284180e+00
2.735106460750102997e-02
5.543827638030052185e-02
4.064415740966796875e+01
5.881584063172340393e-02
3.594124078750610352e+00
5.597082194804736000e+15
3.017701911926269531e+01
1.160596069335937500e+03
9.136642217636108398e-01
6.040543317794799805e-03
3.758864728064000000e+12
1.942793023772537708e-04
7.924096934175395290e-08
1.908229460241273046e-04
1.040075585937500000e+04
2.012612819671630859e+00
2.044249609375000000e+04
1.096924752346239984e-04
1.293155923485755920e-02
5.896090865135192871e-01
1.415416870117187500e+02
1.706245243549346924e-01
7.198083330867200000e+13
2.191517688333988190e-02
3.579725307645276189e-05
5.442224731445312500e+02
6.247960567474365234e+00
4.789417725987732410e-04
3.448115234375000000e+02
9.276203811168670654e-02
1.299123287200927734e+01
2.420223206281661987e-01
2.788796901702880859e+00
1.341832727193832397e-01
3.264529466629028320e+00
1.467862278223037720e-01
1.981683224439620972e-01
3.141641235351562500e+01
2.549146860837936401e-02
6.111869879532605410e-05
1.293450361117720604e-03
3.042156100273132324e-01
1.366967968750000000e+05
5.258855596184730530e-02
2.990655822753906250e+02
8.948394656181335449e-01
1.035565310303354636e-05
9.630784188630059361e-05
4.343464076519012451e-01
6.766352653503417969e-01
4.047296897624619305e-07
2.879690647125244141e+00
2.846394293010234833e-02
3.424763441085815430e+00
1.461053729057312012e+00
9.635599745024000000e+12
1.333732507191598415e-03
8.878090302459895611e-04
6.564467430114746094e+00
1.872673816978931427e-02
1.371377182006835938e+01
8.780291748046875000e+01
2.062241919338703156e-02
3.602260971069335938e+01
2.384483528137207031e+01
5.087871849536895752e-02
6.043236255645751953e+00
3.863680958747863770e-01
8.161348342895507812e+00
3.580817428883165121e-05
3.633307293057441711e-02
3.546563684940338135e-01
5.420717410743236542e-03
1.846255213022232056e-01
3.308347463607788086e+00
9.662904375000000000e+05
9.219168685376644135e-03
2.156525781250000000e+04
1.952287673950195312e+01
1.174855613708496094e+01
1.319928344726562500e+03
1.475481316447257996e-02
3.805853128433227539e-01
2.140016555786132812e+00
1.431919634342193604e-01
7.836515456438064575e-02
1.591261148452758789e+00
6.497779488563537598e-01
5.584674887359142303e-03
4.586929199218750000e+03
3.219465911388397217e-01
3.354338407516479492e-01
5.831347152707166970e-06
2.682434627786278725e-03
3.050201572477817535e-03
1.687660278320312500e+03
3.378763732910156250e+02
1.022187527269124985e-02
2.069952199235558510e-03
1.538113877177238464e-02
3.140866279602050781e+00
3.532061818987131119e-04
6.921796800000000000e+07
1.219485703125000000e+05
4.416022747477654775e-08
8.818024000000000000e+06
2.693908982109860517e-06
5.247347640991210938e+01
6.820159964263439178e-03
1.827003757171041798e-06
1.801778808593750000e+03
3.125353250652551651e-03
4.198336974290944000e+15
7.583453319966793060e-03
2.310783043503761292e-02
3.085111045837402344e+01
1.536614532470703125e+02
6.966742128133773804e-02
1.903015673160552979e-01
3.572680711746215820e+00
1.342585831880569458e-01
1.000703454017639160e+00
3.999759435653686523e+00
2.821057933033443987e-06
4.334966430664062500e+02
1.143188018798828125e+02
8.971295356750488281e-01
4.759401000000000000e+06
1.914692878723144531e+00
1.112697646021842957e-03
3.375269174575805664e+00
3.658708572387695312e+01
1.463322550989687443e-03
3.354987595230340958e-03
8.517698669433593750e+01
4.011265635490417480e-01
9.653888344764709473e-01
6.073791992187500000e+03
1.047750312500000000e+05
5.229208469390869141e-01
1.369719021022319794e-02
1.585528731346130371e+00
2.641296289062500000e+04
1.349474478047341108e-04
4.461328685283660889e-01
2.086982503533363342e-02
1.120595455169677734e+01
3.717878716997802258e-04
3.312675980851054192e-04
3.613169670104980469e+00
1.211564913392066956e-01
2.486836051940917969e+01
9.241752319335937500e+02
1.918816757202148438e+01
6.070316894531250000e+03
2.169217773437500000e+03
1.128037547459825873e-05
1.255987262725830078e+01
6.064107812500000000e+04
1.467826782226562500e+03
1.191201416015625000e+03
9.033005593517273724e-11
4.111895561218261719e-01
8.780452189967036247e-04
4.983542952686548233e-03
1.324217689702400000e+13
7.421037298627197742e-05
2.452960586547851562e+01
4.419125616550445557e-02
2.315341949462890625e+02
1.194968633353710175e-02
5.094657536000000000e+09
2.135999000000000000e+06
1.981372770387679338e-05
5.453645586967468262e-01
2.755824584960937500e+02
8.941587829589843750e+01
3.390768432617187500e+02
7.344856567215174437e-05
4.334600448608398438e+01
2.867538132704794407e-04
2.032507658004760742e+00
3.524009662214666605e-04
1.198084163665771484e+01
2.138000726699829102e-02
1.888708174228668213e-01
2.696292940527200699e-03
8.417876362800598145e-01
2.365531592829483998e-08
2.006187278311699629e-04
5.286565423011779785e-02
8.083383440971374512e-01
5.188941024243831635e-03
4.367433547973632812e+00
1.683513837633654475e-04
1.120260367315495387e-05
8.752607345581054688e+00
5.031616613268852234e-02
9.562113952636718750e+01
2.919084072113037109e+00
5.190729280002415180e-04
6.027664616703987122e-02
1.563476943969726562e+01
4.995143413543701172e-02
1.593556823730468750e+02
1.085456524663186428e-08
4.353554686531424522e-04
1.809504985809326172e+00
1.055347800000000000e+07
7.521461695432662964e-02
5.658513680100440979e-02
1.930075138807296753e-02
2.089167945086956024e-02
1.162691593170166016e+00
7.961912453174591064e-02
4.750371575355529785e-01
1.853041458129882812e+01
2.125885151326656342e-02
7.976360797882080078e+00
2.634572792053222656e+01
5.236494445800781250e+01
1.128682494163513184e-01
1.642991602420806885e-01
1.326461788266897202e-03
4.269538671875000000e+04
1.245848761755041778e-05
5.740442276000976562e-01
2.221439353888854384e-04
3.534464894983102567e-06
8.532776701031252742e-05
5.326275229454040527e-01
9.759330749511718750e+01
8.414773941040039062e-01
1.538861542940139771e-01
3.720798492431640625e-01
3.625518310546875000e+03
1.080799511718750000e+04
1.298785858154296875e+02
7.184334000000000000e+06
4.992464673705399036e-04
1.257214322686195374e-02
4.237406738281250000e+03
3.226152750000000000e+06
7.477856278419494629e-01
1.869205448201682884e-06
2.925157919526100159e-02
1.471553588867187500e+03
1.214735156250000000e+04
1.045375829562544823e-03
3.605480468750000000e+03
2.369810581207275391e+00
1.503523997962474823e-02
3.541743790265172720e-04
5.086408236820716411e-07
4.550469970703125000e+01
8.731228637695312500e+01
9.191053390502929688e+00
3.774616241455078125e+01
8.632456970214843750e+01
4.160212847637012601e-05
7.604839280247688293e-03
1.644951324462890625e+02
4.865118980407714844e+00
7.053388344502309337e-07
7.635376739501953125e+01
1.480486154556274414e+00
1.417639732360839844e+00
2.015141120000000000e+08
5.488935485482215881e-02
4.735029220581054688e+00
2.310251444578170776e-02
8.454579859972000122e-02
7.513416290283203125e+01
4.920230805873870850e-01
1.093890700000000000e+07
3.452904968261718750e+02
2.682053949683904648e-03
1.868716627359390259e-01
2.143930511474609375e+02
4.614916669440000000e+12
6.883154296875000000e+01
1.148157680042061202e-09
1.225262284278869629e+00
2.326913923025131226e-02
2.627890869140625000e+03
3.533346652984619141e+00
1.737968160000000000e+08
5.205187946557998657e-03
2.217459586972836405e-05
4.365540000000000000e+07
1.674949288368225098e+00
1.904188096523284912e-02
2.527341156005859375e+02
2.422066406250000000e+04
1.079557888000000000e+09
1.496115028858184814e-01
2.945324707031250000e+02
4.809036636352539062e+01
7.138278808593750000e+02
8.521290123462677002e-02
2.502990537323057652e-04
1.479336642660200596e-03
5.059120012447237968e-04
3.339963989257812500e+02
6.665699481964111328e-01
7.957028574310243130e-04
2.622116170823574066e-02
3.281210359645470720e+17
1.702218130230903625e-02
2.891128659248352051e-01
2.454394531250000000e+01
4.204069045954383910e-05
3.708679676055908203e-01
2.457755088806152344e+01
1.245287418365478516e+00
4.987340420484542847e-02
1.942321099340915680e-02
6.211666914168745279e-06
1.709703125000000000e+05
3.613653811200000000e+10
1.460108852386474609e+01
4.572669975459575653e-03
4.015061767578125000e+03
2.296226918697357178e-01
2.150786209106445312e+01
9.611840248107910156e-01
6.349117308855056763e-02
1.054022431373596191e+00
6.181054306030273438e+01
8.975461425781250000e+02
5.062603491978734382e-08
4.997510015964508057e-01
4.184809222351759672e-04
4.710594482421875000e+02
2.188997650146484375e+01
2.716491406250000000e+04
7.310714572668075562e-04
6.353187179565429688e+01
1.367215538024902344e+01
2.388969993591308594e+01
1.646666973829269409e-02
3.662909545898437500e+02
7.502179145812988281e+00
4.410140588879585266e-02
9.127071093750000000e+04
1.271484215976670384e-04
8.982083797454833984e-01
2.817846834659576416e-04
4.001806974411010742e-01
1.015144348144531250e+02
9.453725814819335938e-02
1.374847167968750000e+03
1.734707038849592209e-03
2.193938754498958588e-02
2.280111312866210938e+00
1.732723414897918701e-01
1.095267105847597122e-02
7.323666810989379883e-01
8.843595385551452637e-01
1.397039392031729221e-03
4.988335271394148352e+18
2.383300743531435728e-04
3.550051116943359375e+01
4.715507125854492188e+01
1.602248907089233398e+00
9.145383453369140625e+01
1.502964150859043002e-04
2.117802978515625000e+03
7.989585355971939862e-06
1.991156190633773804e-01
3.737245082855224609e+00
1.287909690290689468e-02
7.596878051757812500e+02
4.460538387298583984e+00
5.234515294432640076e-03
1.968809843063354492e+00
1.402531500000000000e+07
5.345922500000000000e+05
2.674255147576332092e-02
7.344432128906250000e+03
1.902974545955657959e-01
1.863160729408264160e+00
9.157692641019821167e-02
1.412827610969543457e+00
2.452377250000000000e+06
1.140901669859886169e-01
3.328850984573364258e+00
3.227192687988281250e+02
6.116288714110851288e-03
1.965332656250000000e+05
3.416309084514068672e-07
3.819893300533294678e-01
5.635645996093750000e+03
8.560117748857010156e-06
2.063424763036891818e-04
1.608358979225158691e+00
1.368896686471998692e-03
5.132798552513122559e-01
1.301870107650756836e+00
2.255304902791976929e-01
8.537220458984375000e+02
2.277561187744140625e+01
1.189630222320556641e+01
7.071653129742117017e-08
6.455205078125000000e+02
2.575003891251981258e-04
7.012150878906250000e+02
1.217934140625000000e+05
3.107640380859375000e+03
2.590790000000000000e+07
3.082689642906188965e-01
1.208124351501464844e+01
2.749100923538208008e+00
3.684344701468944550e-04
5.955883807473583147e-06
6.507669067382812500e+01
5.381372175179421902e-04
7.645207977294921875e+01
1.342560281045734882e-04
1.218136312672868371e-04
6.234401321411132812e+01
5.390440821647644043e-01
6.036683105468750000e+03
3.062851953125000000e+04
2.528137527406215668e-02
2.818359130859375000e+03
6.054173037409782410e-02
1.807073749660048634e-05
4.320687484741210938e+01
1.789275360107421875e+01
4.573042968750000000e+03
4.207965359091758728e-02
1.502527954101562500e+03
2.825245610438287258e-05
8.721060986880000000e+11
1.523520050048828125e+02
3.864749372005462646e-01
8.387244939804077148e-01
1.323552894592285156e+01
1.699122314453125000e+02
5.310129523277282715e-01
1.525709056295454502e-03
5.567462890625000000e+03
1.561879664659500122e-01
2.942782884929329157e-04
1.859223520000000000e+08
6.653563976287841797e+00
2.111181989312171936e-02
2.227035292889922857e-05
2.861845493316650391e-02
8.044324931688606739e-04
2.808236885070800781e+01
4.265443421900272369e-03
3.738785744644701481e-04
2.599700528662651777e-04
4.572568893432617188e+01
1.140431500000000000e+07
2.201541900634765625e+02
5.687206052243709564e-03
2.004946209490299225e-02
5.477042819279631658e-08
4.465679451823234558e-02
8.767699241638183594e+00
1.809107422828674316e+00
1.604040339589118958e-02
5.485814064741134644e-02
4.864431858062744141e+00
3.066317439079284668e-01
1.318692504882812500e+03
1.632494386285543442e-04
2.548400461673736572e-01
2.003561407327651978e-01
3.243895769119262695e-01
1.751880187988281250e+02
7.279098033905029297e-01
3.287459164857864380e-02
7.227742309570312500e+02
9.206893444061279297e-01
5.261744022369384766e+00
4.172743298113346100e-03
3.455233946442604065e-02
5.253031104803085327e-02
1.037080562500000000e+06
3.318735351562500000e+02
1.269351425170898438e+02
6.260454654693603516e+00
9.130430221557617188e-01
5.535766482353210449e-01
1.155301928520202637e+00
4.234205186367034912e-02
3.651237890625000000e+04
4.733152687549591064e-03
8.854918479919433594e+00
6.105015500800000000e+10
1.908722877502441406e+01
1.815048828125000000e+04
9.463687744140625000e+02
3.430943489074707031e+00
3.740492102224379778e-04
1.391001224517822266e+01
1.139177441596984863e+00
1.766147851943969727e+00
8.086155891418457031e+00
3.756109774112701416e-01
1.945726976000000000e+11
1.629599481821060181e-01
9.122335541178472340e-06
5.346327781677246094e+00
9.383261785842478275e-04
2.855633618310093880e-03
1.548909150208000000e+12
1.721390014648437500e+03
3.404214978218078613e-03
2.053919219970703125e+01
5.381171264648437500e+02
3.547030687332153320e+00
2.551324367523193359e-01
1.685995812295004725e-05
1.678840576171875000e+03
5.542743682861328125e+01
9.072736816406250000e+02
1.859474480152130127e-01
2.974203491210937500e+01
3.304269790649414062e+00
1.506783440709114075e-02
1.343922776868566871e-04
1.642955875000000000e+06
4.609960857493433650e-09
2.550339093431830406e-03
1.607167650945484638e-03
1.642367839813232422e-01
8.822309970855712891e-02
3.353347063064575195e+00
4.322655200958251953e-01
6.309625625610351562e+00
3.143018359375000000e+04
2.354501702939160168e-05
5.285662651062011719e+00
6.289348153387663842e-09
1.372841298580169678e-01
3.298740461468696594e-02
3.486046447753906250e+02
1.444750651717185974e-02
5.110181808471679688e+00
5.132043075561523438e+01
8.500264585018157959e-02
2.368619292974472046e-02
2.750625848770141602e+00
4.346759062500000000e+05
1.212654169648885727e-03
1.439749908447265625e+01
2.009297790527343750e+02
3.383299335837364197e-02
4.024314498901367188e+01
1.464494317770004272e-01
1.293622881348710507e-05
9.782595634460449219e-01
3.675481975078582764e-01
5.228641033172607422e+00
2.745902404785156250e+02
3.729050457477569580e-01
7.503524780273437500e+02
1.038173884153366089e-01
6.234454363584518433e-02
4.470408896395383636e-07
3.334803506731987000e-02
2.035458572208881378e-03
3.020754158496856689e-01
1.116663561617770029e-08
1.329312217421829700e-04
6.188330426812171936e-02
7.202962040901184082e-01
1.360279273986816406e+01
1.084495468139648438e+02
5.643938779830932617e-01
4.605260491371154785e-02
1.415098667144775391e+00
1.618894042968750000e+02
1.286488924279183266e-07
4.224933624267578125e+00
1.375321006774902344e+01
8.297913707792758942e-03
2.084468752145767212e-01
2.228634119033813477e+00
6.693065166473388672e-02
8.634037524461746216e-02
2.285013750000000000e+06
2.653458023071289062e+01
9.918890282278880477e-05
7.973381805419921875e+01
2.974868266392149962e-06
6.333152294158935547e+00
7.683109142817556858e-04
2.875560302734375000e+02
1.898394082672894001e-03
1.748079247772693634e-02
1.084827090380713344e-06
3.764826953411102295e-01
4.428206443786621094e+00
4.828993000000000000e+06
8.105468623398337513e-06
4.934497558593750000e+03
6.032544612884521484e+00
8.158985137939453125e+00
1.886604877654463053e-04
8.326604729518294334e-04
8.004254847764968872e-02
9.902751480694860220e-05
2.762651070952415466e-02
4.981324800000000000e+07
1.843349531250000000e+05
1.174243330955505371e+00
7.180353546142578125e+01
3.706945495605468750e+02
9.443293571472167969e+00
3.919755909009836614e-05
9.113191223144531250e+01
4.736668197438120842e-04
1.123760826885700226e-02
1.491054147481918335e-02
3.944153785705566406e-01
2.358157617187500000e+04
1.063858217094093561e-04
7.017721600277582183e-06
1.202222061157226562e+01
8.377290796488523483e-04
8.473214000000000000e+06
7.714000093983486295e-05
9.077365393750369549e-04
5.105877441406250000e+03
5.243131890892982483e-03
1.009262204170227051e-01
2.208275161683559418e-02
1.630124897928908467e-04
2.559855699539184570e+00
2.748953342437744141e+00
3.101823851466178894e-03
1.150124262494500726e-06
1.609279774129390717e-03
2.537264823913574219e+01
1.079057598114013672e+01
4.405080107972025871e-04
2.291559934616088867e+00
7.929792785644531250e+01
2.267394028604030609e-02
2.013813972473144531e+01
3.556753741577267647e-03
1.551929563283920288e-01
4.877326264977455139e-02
5.172211676836013794e-04
3.637414453125000000e+04
1.499533691406250000e+02
1.566206514835357666e-01
2.639678132254630327e-04
1.784387664794921875e+02
5.408744812011718750e+00
5.427817993164062500e+02
2.713525191211374477e-07
1.976715773344039917e-01
4.033691063523292542e-02
4.373801946640014648e-01
1.724244058132171631e-01
2.226008176803588867e-01
4.507133780862204731e-06
8.120055310428142548e-03
8.579050064086914062e+00
9.890911728143692017e-02
3.983172607421875000e+01
1.159004688262939453e+01
3.785071074962615967e-01
2.102413959801197052e-02
2.014920234680175781e+00
2.127022933959960938e+01
3.921116003766655922e-04
1.567187957763671875e+02
1.056404585142445285e-06
1.609917602539062500e+03
2.359697851562500000e+04
2.273654222488403320e+00
1.250686182174831629e-04
6.203035354614257812e+00
6.081786523282062262e-06
1.428319573402404785e+00
2.301442204043269157e-03
2.202794700860977173e-01
7.716162204742431641e-01
1.442706966400146484e+01
3.527046585083007812e+01
1.972070932388305664e+00
1.561092529296875000e+02
3.014368414878845215e-01
1.763210773468017578e+00
6.972767878323793411e-03
1.053618316650390625e+02
1.151361560821533203e+01
1.616981811821460724e-03
1.958102703094482422e+00
2.822154783643782139e-04
1.201771616935729980e+00
2.356628750000000000e+06
1.898348754882812500e+03
1.343000698089599609e+01
1.163752865977585316e-03
9.266570210456848145e-01
4.218520099356672000e+15
5.990641511743888259e-05
1.764546759659424424e-04
4.456240177154541016e+00
5.427596624940633774e-05
4.958935827016830444e-02
8.299629882812500000e+03
8.827397823333740234e-01
1.605422546336664781e+19
1.371191143989562988e-01
1.533664911985397339e-01
7.388103753328323364e-03
3.165981292724609375e+00
1.321146935224533081e-01
2.276437669479491888e-07
9.194407612085342407e-03
3.102866821289062500e+02
4.264776129275560379e-03
1.003611832857131958e-04
6.171054080000000000e+09
5.945628508925437927e-02
8.798080671112984419e-05
2.088656430032642675e-07
2.254395745694637299e-02
5.944863796234130859e+00
1.685283631086349487e-01
4.450903015136718750e+02
1.625140607357025146e-01
2.026380493164062500e+03
7.626699516549706459e-04
2.546155266463756561e-02
8.432540297508239746e-02
2.898596954345703125e+01
7.689203601330518723e-03
2.543058013916015625e+01
1.869987607002258301e+00
1.096252918243408203e+01
5.595433984375000000e+04
8.320109918713569641e-03
5.963112354278564453e+00
5.142221284198944531e-13
9.669843912124633789e-01
1.872374296188354492e+00
2.696466207504272461e+00
1.152066992187500000e+04
8.982642553746700287e-03
1.032799005508422852e+00
9.126619994640350342e-02
7.805518627166748047e+00
7.136966228485107422e+00
1.873058383353054523e-03
2.883220595606417191e-08
2.395837218500673771e-04
3.638267278671264648e+00
1.768294023349881172e-04
9.489956498146057129e-02
5.832688000000000000e+06
1.970949349924921989e-03
7.798977494239807129e-01
1.146186739206314087e-01
1.206813885801238939e-05
4.137035459280014038e-03
1.721765327453613281e+01
2.275284118652343750e+02
3.579949727281928062e-03
1.421427031250000000e+05
5.187013130125706084e-08
9.477919320488581434e-07
1.208667308674193919e-04
8.658209704748287550e-10
1.746900081634521484e-01
2.812397003173828125e+00
5.535296168091008440e-06
7.161541461944580078e+00
3.443161840550601482e-04
4.827098920941352844e-02
3.063038289546966553e-01
1.320466651577589801e-07
1.657454520463943481e-01
1.387234649658203125e+02
5.191484093666076660e-01
1.455249667167663574e+00
1.410184922860935330e-04
8.283072710037231445e-01
1.142040714621543884e-01
8.058834937401115894e-04
7.241117358207702637e-01
3.358235931396484375e+01
3.774051189422607422e+00
2.684726542336000000e+12
4.695374011993408203e+00
4.386184737086296082e-04
1.232158524544502143e-06
2.012801408767700195e+00
8.263515155704226345e-06
2.310306626895908266e-06
1.551844000816345215e+00
4.311194270849227905e-02
2.756009578704833984e+00
2.850996097549796104e-03
1.034692302346229553e-01
7.939173579216003418e-01
2.402936370344832540e-04
2.656499671936035156e+01
3.164123916625976562e+01
3.522853374481201172e+00
1.215925294673070312e-04
8.381739258766174316e-01
7.596706971526145935e-03
6.831836653873324394e-04
1.015510875731706619e-02
3.641750663518905640e-03
2.567216200000000000e+07
2.148336789105087519e-04
3.754110156250000000e+04
1.132487915039062500e+03
1.370905465591931716e-06
1.375190496444702148e+00
6.523734191432595253e-05
4.847058868408203125e+01
1.902601411529758479e-06
3.977133274078369141e+00
4.220925807952880859e+00
6.318624877929687500e+02
7.764335721731185913e-03
1.378447341918945312e+01
6.214655586518347263e-04
1.758006591796875000e+02
1.303368298977147788e-05
4.815153952222317457e-04
1.996762451171875000e+03
8.627892136573791504e-01
3.839956045150756836e+00
1.393533078953623772e-03
3.192345798015594482e-02
2.020780468750000000e+04
4.317070500000000000e+06
3.933629393577575684e-01
3.779895305633544922e-01
2.792540472000837326e-04
9.644191861152648926e-01
3.083698749542236328e-01
2.522600960000000000e+08
1.775780506432056427e-02
2.151210010051727295e-01
1.816285960376262665e-02
2.460700683593750000e+03
7.228988409042358398e-02
2.160533905029296875e+00
8.404236286878585815e-02
1.711392517089843750e+02
1.444899316406250000e+04
8.562562870793044567e-04
2.253826558589935303e-01
6.123005391600599978e-07
6.035093784332275391e+00
8.120772242546081543e-01
3.469182848930358887e-01
1.629195809364318848e-01
1.867917909237348795e-08
8.250087499618530273e-02
6.382392719388008118e-03
8.856022834777832031e+00
1.193652004003524780e-01
6.307296156883239746e-01
1.272845745086669922e+01
6.443476304411888123e-03
2.683463439941406250e+02
1.617098040878772736e-02
6.954928394407033920e-03
1.156476378440856934e+00
8.632576209492981434e-04
1.704398498535156250e+02
1.013916854858398438e+02
1.104614057112485170e-05
8.891117572784423828e-02
4.058151543140411377e-01
2.187038511037826538e-01
1.219781160354614258e+00
8.350090682506561279e-02
1.403496484272181988e-03
6.351626968383789062e+01
5.065676881920000000e+11
6.346037983894348145e-01
1.781977334758266807e-05
1.924228417919948697e-04
1.274840087717166170e-05
2.025880530709400773e-05
3.051239550113677979e-01
1.277293086051940918e+00
1.571936645507812500e+02
1.298808193206787109e+01
1.233373761177062988e+00
2.117342688143253326e-02
1.462363362312316895e+00
1.258441898971796036e-02
2.328946590423583984e-01
4.328238777816295624e-03
6.559681147336959839e-02
2.914111360000000000e+08
1.587139641934243173e-09
1.769893478400000000e+10
7.045851349830627441e-01
1.029139041900634766e+01
3.571233849344000000e+12
1.077986598014831543e+00
1.833307727849842195e-08
1.011399290291592479e-04
9.385697245597839355e-01
7.168484330177307129e-01
2.971079945564270020e-02
2.016349434852600098e-01
4.988244839410072018e-08
2.140326891094446182e-03
1.376001562500000000e+05
4.374091979116201401e-03
1.168167948722839355e+00
1.221713330596685410e-02
1.040306448936462402e+00
1.063071031239815056e-04
2.568051757812500000e+02
6.940299062989652157e-04
2.715714573860168457e-01
2.249594421386718750e+02
1.102746948242187500e+03
1.891787052154541016e+00
1.258965539818746038e-06
4.766753906250000000e+03
6.837163865566253662e-02
3.715881729125976562e+01
9.865524902343750000e+02
4.710970818996429443e-01
4.695828829426318407e-04
4.282258605957031250e+02
1.066728830337524414e-01
3.071022965013980865e-02
4.798317849636077881e-01
1.209175870542367193e-08
9.777748870849609375e+01
1.033057403564453125e+02
8.603245019912719727e-01
6.046098656952381134e-03
4.824529215693473816e-02
2.034977796938619576e-06
2.336765406653285027e-03
3.036513924598693848e-01
3.488758802413940430e-01
1.482179941376671195e-04
1.095489062500000000e+04
2.432947279885411263e-03
4.131665229797363281e+00
1.549135208129882812e+00
1.071058795787394047e-04
2.445071702823042870e-03
2.124864648437500000e+04
1.359348869323730469e+01
8.881349931471049786e-04
5.798167114257812500e+02
8.249222040176391602e-01
1.221395507454872131e-01
2.048454856872558594e+01
2.589676156640052795e-02
2.671178125000000000e+04
3.067208528518676758e-01
1.003566104918718338e-02
1.104021407627442386e-06
1.568124207551591098e-05
4.480957159103127196e-06
8.086583018302917480e-02
7.949190586805343628e-02
3.466138362884521484e+00
5.992335081100463867e-02
4.376839101314544678e-02
9.884723694995045662e-04
4.312300006859004498e-04
4.038867540657520294e-03
2.163232574462890625e+02
4.892456000000000000e+08
9.657647705078125000e+01
3.433504700660705566e-02
2.425821289062500000e+04
6.618856568820774555e-04
1.417094441791277859e-08
5.315966500000000000e+06
1.280339062500000000e+04
1.802548468112945557e-01
7.040975242853164673e-02
7.493218421936035156e+00
1.663694610595703125e+02
1.060351207852363586e-01
3.401687717996537685e-04
1.363501101732254028e-01
6.121101856231689453e+00
1.875284651760011911e-04
1.798840999603271484e+00
1.000969903543591499e-03
6.597885131835937500e+00
1.187922812500000000e+05
3.957398193359375000e+03
6.985767395235598087e-04
7.443982812500000000e+04
7.073045969009399414e-01
2.404709266556892544e-05
5.772069091796875000e+02
1.056982218869961798e-04
9.237883205059915781e-06
3.283726528024999425e-06
8.086753950919955969e-07
1.265554944000000000e+10
3.155843615531921387e-01
2.812359249219298363e-03
9.706892073154449463e-02
3.090391357421875000e+03
1.484093964099884033e-01
1.360061340332031250e+02
2.829936891794204712e-02
1.465048593750000000e+05
2.213628387451171875e+01
9.155367592939001042e-07
2.808438241481781006e-02
6.051900482177734375e+01
9.634979069232940674e-03
1.856532692909240723e-02
3.655226919363485649e-06
2.435915708541870117e+00
2.373386523686349392e-04
1.474505406804382801e-03
2.628131866455078125e+01
7.605560000000000000e+05
1.776795959472656250e+01
1.572424411773681641e+00
8.992953896522521973e-01
4.015963932033628225e-04
1.085065555572509766e+01
9.515114257812500000e+03
4.700502322521060705e-04
2.224590492248535156e+01
1.431708317250013351e-02
2.017858624458312988e-01
3.496997356414794922e+00
2.140986914062500000e+04
3.689962779773736656e-09
5.055163055658340454e-03
2.396361087448894978e-04
9.697771747596561909e-05
5.723635200411081314e-03
6.243869500000000000e+06
1.888451218605041504e+00
7.601863861083984375e+01
4.353454569354653358e-04
2.183033704757690430e+00
5.786083056591451168e-04
2.969684265553951263e-02
6.456503178924322128e-03
9.999638050794601440e-02
4.799480056762695312e+01
3.316788934171199799e-04
1.473122851562500000e+04
2.919495571404695511e-03
2.234764480000000000e+08
1.494974613189697266e+00
6.010294782754499465e-06
2.734187364694662392e-05
1.789914727210998535e+00
3.956627812500000000e+05
1.049662940204143524e-02
6.497002840042114258e-01
6.320255249738693237e-02
2.002385854721069336e+00
2.090838104486465454e-01
8.336335420608520508e-03
3.915428161621093750e+00
3.231017351150512695e+00
1.612587219312899833e-08
2.701620340347290039e+00
1.242074940819293261e-04
7.080952525138854980e-01
1.797457953216508031e-04
8.199079893529415131e-03
4.109810802788160800e-08
1.168766953125000000e+05
2.136968612670898438e+01
2.038785934448242188e+00
1.296787834167480469e+01
1.715283095836639404e-02
2.154765534214675426e-04
2.468760158080840483e-06
1.423727273941040039e-01
2.444519750000000000e+06
4.511608886718750000e+03
3.206702388069970766e-07
2.289877159000752727e-07
6.118414848000000000e+09
1.933467864990234375e+00
1.296773791313171387e+00
1.035576462745666504e+00
5.198368430137634277e-01
4.195348815917968750e+02
1.803350329399108887e+00
2.407439843750000000e+05
3.575196504592895508e+00
6.449193115234375000e+02
1.275527000427246094e+00
7.923653349280357361e-03
3.821239852905273438e+01
2.132478221028577536e-05
1.200062155723571777e+00
1.766304492187500000e+04
8.901109104044735432e-04
1.270381361246109009e-01
1.113011036068201065e-02
1.094754338737402577e-06
1.019119471311569214e-02
9.743483734130859375e+01
6.070734262466430664e-01
2.680050386061338941e-07
1.359927654266357422e+00
4.158406734466552734e+00
1.854413125000000000e+05
4.369488954544067383e-01
1.063052040990442038e-04
3.240555763244628906e+00
2.059630490839481354e-02
3.386727200904715573e-07
6.397091150283813477e-01
2.477062116668093950e-05
1.289764477405697107e-04
3.321294572700139724e-09
1.011881628073751926e-03
1.456258880000000000e+08
3.120700836181640625e+01
2.304629683494567871e-01
3.241475677490234375e+01
7.656393432617187500e+01
2.075867919921875000e+02
2.838231027126312256e-01
1.197921976320000000e+11
4.424680664062500000e+03
9.071784615516662598e-01
4.688230991363525391e+00
2.921830566406250000e+03
3.302117309570312500e+02
6.939590093679726124e-04
5.367893576622009277e-01
1.300649166107177734e+01
1.339359092383807237e-11
3.268254280090332031e+00
8.228841552734375000e+02
8.417747449129819870e-05
1.532486872747540474e-03
1.197153449058532715e+00
8.684848546981811523e-01
9.801166597753763199e-04
6.259939074516296387e-01
1.022969484329223633e-01
2.749785780906677246e-03
1.886367250000000000e+06
1.153485868599091191e-06
3.123973369598388672e+00
5.351513391360640526e-05
1.822108507156372070e+00
4.758084592992872786e-09
4.862127080559730530e-02
7.402091432595625520e-05
3.048303723335266113e-01
5.231100082397460938e+00
1.905984099721536040e-04
3.344172239303588867e-01
1.798479437828063965e+00
3.252358874306082726e-05
1.670338134765625000e+02
2.902201004326343536e-02
8.970741182565689087e-03
6.650554687500000000e+03
5.409716606140136719e+00
2.464844703674316406e+00
1.668017959594726562e+01
6.309740245342254639e-03
6.881760433316230774e-03
1.492089068051427603e-04
4.047248661518096924e-01
1.637224486330524087e-04
7.439814843750000000e+04
1.434440000000000000e+06
1.827089118957519531e+01
1.357803121209144592e-03
4.334278488159179688e+01
8.652193099260330200e-02
8.582055468750000000e+04
2.894017100334167480e-01
1.357737426757812500e+02
2.068414449691772461e+00
4.635299742221832275e-01
5.363346338272094727e-01
8.197325439453125000e+02
9.931579697877168655e-04
1.195671015625000000e+05
2.967031439766287804e-03
4.755469262599945068e-01
1.564124226570129395e-01
4.175959587097167969e+00
3.232283983379602432e-03
1.582313794642686844e-03
3.602720052003860474e-02
1.095861206054687500e+03
1.828422993421554565e-01
2.695953437500000000e+05
3.683782958984375000e+03
3.286053848266601562e+01
1.906336903572082520e+00
1.583555340766906738e-02
1.023097647703252733e-04
2.282303710937500000e+03
1.443712036132812500e+03
6.730601875000000000e+05
5.453196716308593750e+01
8.522849529981613159e-02
1.718779754638671875e+01
1.339906752109527588e-01
6.497847288846969604e-02
1.258754869922995567e-03
4.811887109375000000e+04
4.258941486477851868e-02
9.805849194526672363e-02
1.283652964048087597e-04
3.503639400005340576e-01
1.554625331200000000e+10
8.392732143402099609e-01
9.545060396194458008e-01
1.763906478881835938e+01
1.293429750000000000e+06
4.070716381072998047e+00
1.010624980926513672e+01
3.668257268145680428e-04
1.111700859375000000e+05
1.118142240580898006e-13
5.842964172363281250e+01
5.233874917030334473e-01
1.060423164744861424e-05
3.148488031001761556e-05
1.077245724445674568e-05
1.645179465413093567e-02
2.258773803710937500e+00
8.514124900102615356e-02
8.192449212074279785e-01
2.577251892089843750e+02
1.679948414675891399e-03
5.190249609375000000e+04
4.269716516137123108e-02
4.425257031925866613e-07
1.195721068825150724e-07
4.217007756233215332e-01
2.531597856432199478e-03
1.240321289062500000e+03
6.151944980956614017e-04
1.468805689364671707e-02
2.077264404296875000e+01
1.640895754098892212e-02
1.452074289321899414e+00
5.422040820121765137e-01
7.727362572040874511e-06
1.125709056854248047e+00
6.571211997652426362e-05
5.482246398925781250e+01
2.927279949188232422e+00
1.536927884444594383e-03
9.852371215820312500e+00
3.640976210590451956e-04
7.014263421297073364e-02
1.214530275319702923e-04
2.631882500000000000e+05
1.809455170587170869e-05
6.584368164062500000e+03
2.126787424087524414e+00
7.049497500000000000e+05
2.844879054464399815e-04
3.987057134509086609e-03
3.138007879257202148e+00
1.372495055198669434e+00
3.786976510156137010e-09
2.996363525390625000e+02
2.914818786337036727e-08
3.235367250000000000e+06
5.228997394442558289e-02
8.761306526139378548e-05
1.744667738676071167e-01
8.550889015197753906e+00
1.584663987159729004e-02
9.446723014116287231e-02
8.240117691457271576e-03
1.986079406738281250e+01
7.633329010009765625e+01
1.262309253215789795e-01
5.471092224121093750e+01
2.048786431550979614e-01
1.188623718917369843e-02
8.802152872085571289e-01
1.742428480611124542e-06
3.039952814579010010e-01
6.262115478515625000e+00
1.465326905250549316e+00
5.310877799987792969e+00
1.795678750000000000e+05
4.781943280249834061e-03
7.510510273277759552e-03
3.309194371104240417e-02
2.626824378967285156e+00
6.572525781250000000e+04
1.671026000976562500e+02
1.091894060373306274e-01
1.144614746093750000e+04
2.310516720172017813e-04
4.021385192871093750e+01
6.219640001654624939e-02
5.884664133191108704e-02
2.674900627136230469e+01
9.766194167119043174e-15
4.022616394649958238e-06
8.721612393856048584e-02
9.136759217653889209e-06
4.813347477465867996e-04
2.004102706909179688e+01
1.456195861101150513e-01
6.401251220703125000e+01
5.662212520837783813e-02
3.193794982507824898e-04
2.515229880809783936e-01
1.682248403085395694e-04
8.476963639259338379e-01
5.216959980316460133e-04
2.454190701246261597e-01
8.231837418861687183e-04
5.266675143502652645e-04
3.056084394454956055e+00
1.639550626277923584e-01
1.141040623188018799e-01
1.769810467958450317e-01
4.773163553295489692e-08
9.904504882812500000e+03
1.058337478637695312e+02
3.475363552570343018e-02
3.205732405185699463e-01
5.704421997070312500e-01
1.752323359251022339e-01
7.331617968750000000e+04
1.835630893707275391e+00
3.567128250000000000e+06
9.805950164794921875e+00
1.685273632812500000e+04
2.340362640097737312e-03
6.036662597656250000e+02
2.709277323447167873e-04
2.517841756343841553e-01
1.555652730166912079e-02
4.487289860844612122e-02
5.736974080000000000e+08
1.065284252166748047e+01
4.072228027343750000e+03
8.902692794799804688e-02
1.048551823146226525e-08
6.946975190658122301e-06
4.117822349071502686e-01
9.714042400000000000e+07
4.219471942633390427e-03
6.585048125000000000e+05
2.562401932664215565e-04
2.308145898437500000e+04
3.289706772193312645e-03
1.212870361328125000e+03
1.329719088971614838e-05
2.213300170898437500e+02
5.742361545562744141e-01
6.141649791970849037e-04
7.189945600000000000e+08
1.367579555511474609e+01
1.396294375000000000e+06
1.557390312500000000e+05
2.914582788944244385e-01
9.170956611633300781e-01
5.743648507632315159e-04
6.455615844726562500e+02
6.267886419664137065e-06
8.834990126160846557e-07
9.648991181165911257e-06
1.757194824218750000e+03
1.243036132812500000e+03
1.208451212733052671e-04
1.501519363955594599e-05
2.853206126019358635e-03
1.303646972656250000e+03
7.414508461952209473e-01
1.213759994506835938e+01
2.344141341745853424e-02
1.879028604889754206e-05
8.128994941711425781e+00
1.398328749928623438e-04
1.961606788635253906e+01
9.022511541843414307e-02
4.483147640712559223e-04
3.023954010009765625e+01
2.996832847595214844e+01
2.168431997299194336e+00
4.140560701489448547e-02
3.666192665696144104e-02
1.224835872650146484e+01
3.248589346185326576e-04
2.118335485458374023e+00
8.762095404790670727e-08
1.727896779775619507e-01
5.860284566879272461e-01
1.755709886550903320e+00
2.752431668341159821e-02
2.570133097469806671e-02
2.640827745199203491e-02
5.133669921875000000e+03
8.278344757854938507e-03
6.118514060974121094e+00
7.636383641511201859e-03
1.337516632080078125e+02
2.697901953125000000e+04
5.378084945678710938e+01
7.093426585197448730e-02
3.842600390625000000e+04
4.160371463513001800e-05
2.036121487617492676e-02
4.301112145185470581e-03
1.363686203956604004e+00
7.868278125000000000e+05
8.921933593750000000e+04
1.289752660227350134e-08
2.130322973243892193e-04
4.352069936430780217e-06
1.381508731842041016e+01
1.826601982116699219e+00
7.861356437206268311e-02
4.210687475278973579e-04
1.202797051519155502e-03
9.343352913856506348e-01
2.191558227539062500e+02
4.106568298339843750e+02
2.590659460111055523e-05
1.247218251228332520e+00
2.343034982681274414e+00
1.571420800781250000e+04
1.694710552692413330e-02
2.093521652568597347e-05
1.210677385330200195e+00
5.295170098543167114e-02
3.692440576000000000e+09
2.889929711818695068e-01
1.037920810631476343e-04
5.906012374907732010e-04
3.167749595642089844e+01
1.456827372312545776e-01
1.918927952647209167e-02
8.917309761047363281e+00
1.151424921600000000e+12
1.610422134399414062e-02
5.087579956054687500e+02
1.809273660182952881e-01
2.018432617187500000e+01
5.492320656776428223e-02
3.666752624511718750e+02
4.708871600000000000e+07
1.154701408268010709e-06
3.711568657308816910e-03
8.347961425781250000e+00
3.946871757507324219e-01
2.787113771773874760e-04
1.503773689270019531e+00
7.363691180944442749e-02
1.367170682220475442e-10
4.459781166588072665e-07
2.513346970081329346e-01
3.848004531860351562e+01
1.182505147880874574e-04
2.384158223867416382e-02
5.445734858512878418e-01
1.575022786855697632e-01
8.488873291015625000e+02
9.097254860535031185e-07
1.341680145263671875e+02
6.749499589204788208e-02
1.059174319379962981e-04
6.433515625000000000e+02
1.108557917177677155e-02
1.876635244116187096e-03
1.207352524800000000e+11
1.559932934469543397e-05
3.573124413378536701e-04
1.240056939423084259e-03
6.117184638977050781e+00
2.367743477225303650e-02
6.151605248451232910e-01
3.268855856731534004e-03
1.384337921142578125e+02
2.608270850032567978e-03
1.863522811618167907e-05
4.133119062500000000e+05
1.994904296875000000e+03
1.418533477783203125e+02
5.487235107421875000e+02
2.229752950370311737e-03
3.458324074745178223e-01
4.829296469688415527e-01
1.980107277631759644e-03
8.769614249467849731e-02
1.748090880937525071e-06
2.262014648437500000e+04
1.282367156818509102e-03
1.915722095873206854e-04
1.386221200227737427e-01
1.623854687500000000e+04
5.539737176150083542e-03
6.234903500000000000e+06
1.296917762374505401e-04
1.666708703851327300e-05
1.799968242645263672e+00
3.424295902252197266e+00
9.656494483351707458e-03
1.281668993158291414e-08
6.051571000000000000e+06
6.973824650049209595e-02
3.532712400000000000e+07
2.929232320000000000e+08
9.173824310302734375e+00
1.026036499023437500e+03
4.188613295555114746e-01
5.314503505360335112e-05
1.362398117780685425e-01
1.522615718841552734e+01
1.945426344871520996e+00
2.037170104980468750e+02
1.720079589843750000e+03
1.393306375000000000e+06
5.451811477541923523e-02
1.582435607910156250e+02
4.079401400014504020e-11
8.339262695312500000e+03
9.048348999023437500e+01
2.206503879278898239e-03
5.928945000000000000e+05
3.999625976562500000e+03
1.305649280548095703e-01
7.291462388820946217e-04
2.986148925781250000e+03
2.717426300048828125e+00
3.218069763183593750e+02
1.205818237304687500e+03
8.828647878544870764e-06
5.409672303358092904e-05
6.337030790746212006e-03
6.639648973941802979e-02
8.520520641468465328e-04
5.987467041015625000e+02
3.165473043918609619e-01
1.013907697051763535e-02
9.128061123192310333e-03
3.141953202430158854e-04
4.814298152923583984e+00
2.906095795333385468e-02
8.155500981956720352e-04
8.539505506632849574e-05
5.294077141115849372e-07
5.228136433288455009e-05
1.518726581707596779e-03
5.203679800033569336e-01
1.430637901648879051e-03
4.634528067981591448e-07
7.633052349090576172e+00
8.773279418945312500e+02
8.819689974188804626e-04
1.189984555338696737e-08
5.806987360119819641e-02
4.717026672363281250e+02
1.174545288085937500e-02
9.052787780761718750e+00
5.239071696996688843e-02
1.215428161621093750e+01
7.378429770469665527e-01
2.902396917343139648e-01
2.390470703125000000e+04
1.562293909955769777e-04
5.504479850060306489e-05
2.689563871172140352e-06
7.879722943471278995e-06
2.868379488063510507e-05
2.278956817463040352e-03
1.652141800150275230e-03
5.082873535156250000e+02
6.706779450178146362e-02
1.004456654191017151e-01
6.237292861938476562e+01
7.507541158702224493e-05
1.118211299180984497e-01
7.555397796630859375e+01
2.906008300781250000e+02
1.055211643688380718e-03
7.240917682647705078e-01
4.823407714843750000e+03
5.000730993742763530e-07
1.097285842895507812e+01
2.590821981430053711e-01
5.272879409790039062e+01
7.561333618164062500e+02
2.888837814331054688e+00
3.970930099487304688e+01
5.291973357088863850e-04
7.705419659614562988e-01
9.529522912998800166e-07
2.679177187383174896e-02
9.735139608383178711e-01
3.786218404769897461e+00
9.987826459109783173e-03
3.862722369376569986e-04
2.922707750000000000e+06
2.209596960000000000e+08
1.930511461978312582e-05
4.385068023111671209e-04
6.810456848144531250e+01
1.556377071665338008e-07
1.297378593750000000e+05
4.395148481273203345e-11
1.610767358215525746e-04
1.898318906250000000e+05
1.313376007080078125e+02
5.989836427033878863e-05
5.407289062500000000e+03
8.694928692420944571e-05
8.785282373428344727e-01
3.464221000000000000e+06
5.593216791749000549e-02
5.376498699188232422e-01
5.832900404930114746e-01
3.867194354534149170e-01
8.778348565101623535e-01
1.203571166843175888e-02
4.915962696075439453e+00
6.396108269691467285e-01
9.906083578243851662e-04
2.054760791361331940e-02
2.262571360000000000e+08
7.510563824325799942e-03
4.624745924957096577e-04
3.225493729114532471e-01
1.710000564344227314e-03
7.798203904000000000e+09
2.972462214529514313e-02
2.020294964313507080e-01
1.991474032402038574e-01
3.213534927368164062e+01
1.750872802734375000e+01
4.212367057800292969e+00
3.594410896301269531e+00
1.217117387568578124e-04
1.438063085079193115e-01
1.112679854899200000e+13
5.641819763183593750e+01
3.151493274344829842e-06
3.948077917098999023e+00
5.051185607910156250e+00
7.650239276699721813e-04
7.383013516664505005e-02
2.251461446285247803e-01
1.387809395790100098e+00
3.942107856273651123e-01
2.659320598468184471e-04
1.696760207414627075e-02
2.427539788186550140e-03
3.164975055369723123e-07
1.299520254135131836e+00
3.002723750000000000e+05
2.618460178375244141e+00
2.754492452368140221e-04
2.174203284084796906e-03
4.000798225402832031e+00
1.241708780241879140e-08
2.466637611389160156e+01
1.223537791520357132e-02
5.310897827148437500e-01
2.258526763916015625e+02
2.265397262573242188e+01
2.655225671333028004e-06
1.057064756751060486e-01
1.517588389106094837e-04
3.397924661636352539e+00
2.975408315658569336e+00
6.226859986782073975e-02
1.401969909667968750e+00
8.363009546883404255e-04
1.804811060428619385e-01
8.080593033810146153e-06
1.074827375000000000e+06
3.197415733337402344e+01
1.317620658874511719e+01
2.554481150582432747e-03
6.010141223669052124e-04
6.270324345678091049e-03
1.952691650390625000e+01
7.935829460620880127e-03
1.309675280936062336e-03
4.712023586034774780e-02
3.982589296640000000e+11
2.728448249399662018e-03
1.186286687850952148e+00
1.942113375000000000e+06
2.304873615503311157e-02
7.093792915344238281e+00
9.441078186035156250e+01
4.556823253631591797e+00
3.190803807228803635e-03
6.324892997741699219e+00
2.567225456237792969e+00
1.425440306775271893e-03
1.233511269092559814e-01
2.242527343332767487e-02
2.022810513153672218e-03
1.376011161600000000e+10
1.648099100748368073e-06
2.032945485552772880e-04
1.133590415120124817e-01
2.022858137600000000e+10
3.323297947645187378e-02
3.759525017812848091e-03
1.140459626913070679e-01
3.028859791811555624e-04
2.198544433593750000e+03
6.332245655357837677e-03
5.797590129077434540e-03
1.177462935447692871e-01
2.361914994253311306e-06
1.112800557166337967e-02
1.712977588176727295e-01
1.294080811931053177e-05
1.782176877895835787e-05
2.516853437500000000e+05
1.882923841476440430e+00
6.218467950820922852e-01
3.050297737121582031e+01
1.196626806631684303e-03
9.040048980712890625e+01
1.136506195068359375e+02
1.759482765197753906e+01
8.965469726562500000e+03
4.245824584359070286e-06
4.813244342803955078e+00
6.461276643676683307e-05
6.574152374267578125e+01
5.680618762969970703e+00
4.461567699909210205e-01
1.007340615615248680e-03
2.618284301757812500e+02
7.258335113525390625e+00
9.656032780185341835e-04
1.277501702308654785e+00
9.910177230834960938e+00
1.502952814102172852e+00
3.493658935546875000e+03
1.166588510386645794e-03
2.706296145915985107e-01
7.788835763931274414e-01
8.580577087402343750e+01
4.391997456550598145e-01
3.320071458816528320e+00
1.224619791173608974e-05
1.292444324493408203e+01
5.901933764107525349e-04
3.847894287109375000e+02
4.465828649699687958e-03
1.627406105399131775e-02
1.257518761121900752e-06
3.721510498046875000e+03
4.124749830225482583e-05
1.669058561325073242e+00
1.467099905014038086e+00
9.807185083627700806e-02
9.369102865457534790e-02
1.255049316406250000e+03
4.336738891601562500e+02
3.203318595886230469e+00
1.726444214582443237e-01
1.063596364110708237e-02
8.616195060312747955e-03
5.789285525679588318e-03
6.555594205856323242e-01
9.445791691541671753e-02
3.210664913058280945e-02
2.580747604370117188e-01
3.037991046905517578e+00
6.533607482910156250e+01
1.568559169769287109e+00
2.269565513302040927e-08
2.494442749023437500e+01
1.120469741821289062e+02
7.852993905544281006e-02
3.667931396484375000e+03
4.509390869140625000e+02
1.025406837463378906e+00
3.837799280881881714e-02
1.707770377397537231e-01
2.073196220397949219e+01
3.262653201818466187e-02
3.109046936035156250e+00
4.577183574383525411e-07
2.879925305023789406e-04
7.712763786315917969e+00
5.274910926818847656e-01
4.449899062500000000e+05
5.493723955200000000e+11
1.588219642639160156e+00
2.501651179045438766e-04
2.193421562500000000e+05
7.230959454318508506e-05
1.513431030273437500e+03
1.882655487861484289e-04
6.613365500000000000e+06
5.623503417968750000e+02
1.019682804326293990e-05
8.520483970642089844e+00
2.546149880799930543e-05
2.346378326416015625e+01
6.274681568145751953e+00
3.107854723930358887e-01
2.536734104156494141e+00
5.427549779415130615e-02
2.228081721113994718e-04
1.527762304687500000e+04
1.313262386247515678e-03
3.504746127873659134e-03
6.402207191058550961e-07
2.171832084655761719e+01
3.738785937500000000e+04
3.501895427703857422e+00
3.217631718143820763e-03
2.764883398437500000e+04
9.135364532470703125e+01
1.463812637329101562e+01
2.909679500000000000e+06
2.270552329719066620e-03
8.082047363281250000e+03
7.739865234375000000e+03
5.574259921559132636e-05
2.682097547221928835e-04
1.493808627128601074e-02
2.516160964965820312e+00
1.812828850233927369e-04
2.636937797069549561e-02
9.142675250768661499e-02
7.360831368714570999e-04
2.458286471664905548e-04
9.038294228957965970e-05
2.652844488620758057e-01
2.246378062409348786e-05
1.274071884155273438e+02
4.931438827514648438e+01
2.249149475097656250e+02
7.028760737739503384e-04
6.234105229377746582e-01
1.520014905054267729e-07
1.148315063476562500e+03
1.964738845825195312e+00
8.207044005393981934e-02
3.035381450899876654e-05
2.216784209012985229e-01
3.240702438354492188e+01
1.569920629262924194e-01
4.777493652343750000e+03
4.369986724853515625e+01
2.409513890743255615e-01
6.988011300563812256e-03
1.202113344334065914e-05
1.387386798858642578e+01
3.744095806723635178e-07
5.851440946571528912e-04
1.115465202019549906e-04
3.599162812500000000e+05
1.216265916824340820e+00
5.071682110428810120e-02
3.680280596017837524e-02
1.471356658935546875e+02
1.477843179600313306e-04
1.539853271484375000e+03
1.919779060699511319e-05
4.705259576439857483e-03
3.512091827392578125e+01
6.003699340820312500e+02
5.373192429542541504e-01
1.489764308929443359e+01
1.054612031250000000e+05
3.487026318907737732e-02
9.646958460507448763e-06
8.463103294372558594e+00
1.076169218868017197e-02
1.880056762695312500e+02
1.902750854492187500e+02
7.563271792605519295e-04
1.183227109375000000e+05
1.762265601428225636e-04
4.956306219100952148e-01
1.894166871352354065e-06
3.593747317790985107e-01
2.584254741668701172e-02
1.146394252777099609e+00
2.075368642807006836e+00
1.276871305890381336e-03
2.653231844305992126e-02
1.992517900362145156e-05
3.050585269927978516e+00
3.961296179966211639e-09
9.880259633064270020e-03
1.046457924758215086e-07
2.579625579528510571e-04
1.661982038058340549e-03
4.312347664381377399e-05
6.690989948765491135e-07
3.204757690429687500e+00
1.292824454139918089e-04
2.802725601196289062e+01
1.833254250000000000e+06
1.081606360031628356e-08
6.189811229705810547e-02
5.846876502037048340e-01
2.404481024000000000e+10
2.427144622802734375e+01
1.338379120000000000e+08
1.140143376687774435e-05
8.929953575134277344e-01
2.096399804687500000e+04
2.015169151127338409e-02
5.134578486831742339e-07
5.576229095458984375e-01
2.054993867874145508e+00
8.202483741115429439e-07
4.636283847503364086e-06
2.551198899745941162e-01
3.271708555985242128e-05
1.805525151610254397e-08
6.892121124267578125e+01
2.338653430342674255e-03
6.163908255985006690e-05
2.045144726562500000e+04
2.837359206750988960e-03
1.290247961878776550e-02
3.026951416015625000e+03
2.207781653851270676e-05
1.215133670484647155e-04
3.307651728391647339e-02
7.416098400000000000e+07
1.918470859527587891e-02
4.254738464355468750e+02
7.022416684776544571e-03
1.041523814201354980e-01
1.168066773971077055e-06
1.605670303106307983e-01
7.355617523193359375e+01
2.445228747092187405e-04
6.960184574127197266e+00
1.623508666992187500e+03
2.635415585245937109e-04
4.665643572807312012e-01
4.533151909708976746e-02
7.861755847930908203e+00
2.366558037465438247e-04
8.076227569580078125e+01
1.266944804228842258e-03
1.587640680372714996e-02
3.000569045543670654e-01
2.449510842561721802e-01
8.962036132812500000e+02
2.765412675216794014e-03
4.003948345780372620e-02
1.306766562500000000e+05
3.715621307492256165e-03
2.870191237889230251e-04
1.251995620727539062e+02
2.936813980340957642e-04
2.246835947036743164e+00
2.767449645996093750e+02
2.818865203857421875e+01
1.133784667968750000e+04
6.444611062761396170e-05
4.465541802346706390e-03
1.850038580596446991e-02
8.402029275894165039e-01
6.320640563964843750e+00
4.459350893739610910e-04
3.612640250000000000e+06
1.016744226217269897e-01
2.553409337997436523e-01
3.134025260806083679e-02
5.215660400390625000e+02
1.669608900556340814e-04
1.223193015903234482e-02
2.426508441567420959e-02
8.232563734054565430e-01
4.072435665875673294e-03
2.449028033879585564e-05
1.762350462377071381e-02
2.233383300781250000e+03
1.378597412258386612e-02
7.763655185699462891e-01
9.733573278936091810e-06
6.873579621315002441e-01
2.370036989450454712e-01
5.437342453002929688e+01
6.018214393407106400e-03
1.696198433637619019e-01
1.991573929786682129e+00
6.626170128583908081e-02
1.786153106689453125e+02
1.080628680938389152e-05
5.492879822850227356e-02
1.196653727220109431e-07
6.437597500000000000e+06
2.142603079846594483e-05
1.227081939578056335e-01
1.664028316736221313e-02
2.037150710821151733e-01
4.543159622699022293e-03
1.126650428771972656e+01
2.881410625000000000e+05
1.283872750000000000e+06
3.957201171875000000e+03
8.856922388076782227e-03
2.047160523943603039e-05
2.104122489690780640e-01
1.542065059766173363e-03
5.453170299530029297e+00
2.765187072753906250e+02
1.355545967817306519e-01
4.076381213963031769e-03
2.002976387739181519e-01
1.766811013221740723e+00
1.605677977204322815e-02
6.602811813354492188e-02
3.068564414978027344e+01
5.898495625000000000e+05
2.821899019181728363e-02
2.789515536278486252e-03
5.466914176940917969e-02
1.771968383789062500e+03
1.572536007188318763e-06
3.688376455102115870e-04
2.205433398485183716e-01
4.342305908203125000e+02
1.483974456787109375e+02
3.706561923027038574e-01
7.154023647308349609e+00
8.941691398620605469e+00
1.814410649240016937e-02
3.664882853627204895e-03
3.117207717895507812e+01
1.505049591064453125e+02
1.204217318445444107e-03
5.567263346165418625e-03
3.863465189933776855e-01
1.830902465820312500e+03
1.746176974847912788e-03
2.015524478338193148e-05
1.166688725352287292e-01
7.254452910274267197e-03
3.340848684310913086e-01
1.447673559188842773e+00
7.797597646713256836e-01
4.756529331207275391e-01
1.442289352416992188e+01
5.517699941992759705e-02
1.988064125180244446e-02
1.062254101562500000e+04
3.018123388756066561e-04
1.702526398003101349e-02
2.587673179732519202e-06
1.482560253143310547e+01
2.829540625000000000e+04
6.290011215209960938e+01
6.397556513547897339e-02
2.358792815357446671e-03
1.926278686523437500e+01
5.483414042828371748e-06
2.016816055402159691e-03
2.232014434412121773e-03
2.315442711114883423e-01
1.637102286622393876e-06
5.932573318481445312e+01
1.812508795410394669e-03
5.351177692413330078e+00
9.948631286621093750e+00
1.736775398254394531e+01
5.593494892120361328e+00
2.537315594963729382e-04
1.759939041221514344e-04
1.570995198562741280e-03
2.112649963237345219e-05
2.079780958592891693e-02
3.029654966667294502e-03
4.395272433757781982e-01
5.018752217292785645e-01
7.479772567749023438e-01
4.741644952446222305e-03
8.790697157382965088e-02
1.640672206878662109e+00
9.576571756042540073e-06
4.610448837280273438e+00
5.847614258527755737e-02
4.085880279541015625e+01
4.283807873725891113e-01
1.344264626502990723e+00
7.133148144930601120e-03
1.044706180691719055e-01
1.250071334838867188e+01
1.869407366029918194e-03
2.010422199964523315e-01
3.384852036833763123e-02
3.814173163846135139e-03
1.610516221262514591e-03
5.881874822080135345e-04
1.430237753083929420e-04
7.772557437419891357e-03
1.740001142024993896e-02
5.405001640319824219e-01
4.574163630604743958e-02
3.227480128407478333e-02
2.510052290745079517e-04
7.019630432128906250e+00
2.840329252649098635e-04
5.003522872924804688e+00
2.650918364524841309e-01
1.750890254974365234e+00
6.968867033720016479e-02
2.800188725814223289e-03
8.792715675554063637e-07
1.209292030334472656e+01
1.150506114959716797e+01
7.050859928131103516e-01
1.653851068112999201e-04
9.095287322998046875e+00
1.482651001971646565e-09
1.898502539062500000e+04
4.929566406250000000e+03
4.633053222656250000e+03
1.907280117760000000e+11
6.236336827278137207e-01
3.055051820410881191e-07
1.854221801757812500e+03
1.576030481373891234e-04
6.123196217231452465e-04
1.080801157513633370e-04
1.929228164954110980e-04
3.101295791566371918e-03
3.818716504611074924e-04
1.570722903124988079e-03
2.660691223144531250e+02
2.756258845329284668e-01
2.964738845825195312e+00
7.937300801277160645e-01
4.006738890893757343e-05
1.209810829162597656e+01
1.044758968055248260e-02
8.294329643249511719e-01
2.589016966521739960e-02
5.361180305480957031e-01
5.146986007690429688e+01
2.213499881327152252e-02
8.670981973409652710e-02
1.408798992633819580e-02
1.446339988708496094e+01
1.269729994237422943e-02
1.667582855224609375e+02
2.623725200000000000e+07
4.271186828613281250e+02
1.679604202508926392e-01
2.884959106445312500e+02
1.333854079246520996e+00
1.413788064382970333e-03
3.019134998321533203e-01
3.097659646300598979e-05
2.137007191777229309e-03
1.611267775297164917e-02
1.147766131907701492e-03
8.071953772059714538e-08
4.333175346255302429e-02
8.586535113863646984e-05
1.762995272874832153e-01
1.600346679687500000e+02
2.703750133514404297e+00
9.292230224609375000e+01
9.321620315313339233e-02
4.457094240933656693e-03
3.710246164700947702e-05
1.120296567678451538e-01
5.759461593627929688e+01
1.854344010353088379e+00
6.655036937445402145e-03
9.016714990139007568e-02
1.034060376696288586e-03
1.551123976707458496e+00
4.027894287109375000e+02
1.428520083427429199e+00
3.755858540534973145e-01
9.443003684282302856e-03
1.950120775973118725e-08
4.130291366577148438e+01
8.944962500000000000e+05
4.384683609008789062e+00
1.006425976753234863e+00
1.785837800000000000e+07
5.781652871519327164e-03
3.208412788808345795e-03
4.602366592735052109e-03
1.155640106201171875e+02
2.385093536376953125e+02
1.625993698835372925e-01
2.879564819335937500e+02
2.306361645460128784e-01
1.427582744508981705e-02
1.535371132194995880e-02
9.702098905108869076e-04
1.204673647880554199e-01
6.857849884033203125e+01
5.104048728942871094e+00
6.048650000000000000e+04
3.460465920000000000e+08
1.173916682600975037e-01
3.319628906250000000e+04
1.746903581079095602e-05
1.449195202440023422e-02
1.320726513862609863e+00
1.725095361471176147e-01
4.618488997220993042e-02
1.785209216177463531e-02
1.045621109008789062e+02
7.364362182617187500e+02
4.809499909441683485e-09
1.425286084413528442e-01
2.659646095708012581e-03
1.226402964675799012e-04
8.620117306709289551e-01
3.039357636680506403e-07
4.199564456939697266e+00
3.835420589894056320e-03
2.502821371308527887e-05
2.223887443542480469e+01
2.205108154296875000e+03
6.320969760417938232e-02
2.315698623657226562e+01
4.430260086059570312e+01
1.707457849988713861e-04
1.805366389453411102e-02
1.147904882812500000e+04
1.426413073204457760e-04
8.519132097717374563e-05
2.916799500000000000e+06
2.228531002401723526e-06
7.892448902130126953e-01
2.601018734276294708e-02
1.905086399744959635e-08
4.345500565250404179e-05
2.095651254057884216e-02
7.832286506891250610e-02
5.445854185381904244e-05
7.589618116617202759e-02
6.095019817352294922e+00
2.407570602372288704e-03
9.464357048273086548e-02
2.205069176852703094e-02
2.761596255004405975e-02
3.880129894241690636e-03
2.232555289083393291e-06
3.571394681930541992e+00
8.388207031250000000e+03
4.345106124877929688e+01
3.425196409225463867e+00
3.160709571838378906e+01
1.509576000000000000e+06
4.519048612564802170e-03
2.214788246154785156e+01
6.345017999410629272e-02
6.523788720369338989e-02
1.101137325167655945e-02
1.579323338773974683e-08
1.651434600353240967e-02
2.465888410806655884e-01
1.501446723937988281e+01
4.531572340056300163e-04
5.798313650302588940e-04
3.266119384765625000e+01
5.865933299064636230e-01
1.304443110711872578e-03
6.346785277128219604e-02
3.640840805019252002e-05
5.441912412643432617e-01
3.713438808917999268e-01
4.336043074727058411e-02
2.312285825610160828e-03
1.925306569319218397e-04
1.458342313766479492e+00
8.217579841613769531e+00
1.916125869750976562e+01
2.376204687500000000e+05
1.272912304687500000e+04
1.178626418113708496e+00
2.297516796875000000e+04
4.396807029843330383e-02
2.791417500702664256e-05
1.289835453033447266e+01
1.118737458227769821e-07
1.075529394531250000e+04
1.595509644403136917e-07
5.484536621093750000e+03
4.548224806785583496e-02
4.578265762329101562e+01
3.559847116470336914e+00
2.964271698147058487e-03
4.203986376523971558e-02
1.419544315338134766e+01
1.865268859546631575e-04
1.774047613143920898e+00
9.365335464477539062e+00
1.123059200000000000e+07
2.021587371826171875e+00
1.619595146179199219e+01
9.982534179687500000e+03
5.263325572013854980e-02
6.492878496646881104e-02
1.123896753441044893e-09
2.155674527770656823e-09
7.577905625000000000e+05
7.211462070699781179e-05
2.137434577941894531e+01
4.490741994231939316e-03
4.962787032127380371e-01
1.564380884170532227e+00
1.184310742187500000e+04
7.116826629638671875e+01
8.941632843017578125e+01
6.731563091278076172e+00
1.709158095763996243e-04
2.001022733747959137e-02
1.705528281250000000e+05
1.850511169433593750e+01
1.063090454101562500e+03
5.953568033874034882e-04
8.685038566589355469e+00
8.441031241090968251e-05
6.610897835344076157e-04
3.352529602125287056e-04
5.678089335560798645e-03
2.671877622604370117e+00
5.432570576667785645e-01
8.243329823017120361e-02
3.286480712890625000e+02
1.392177536000000000e+09
8.766634464263916016e-01
5.392705788835883141e-04
3.490947619866346940e-07
2.273431164212524891e-04
3.401289228349924088e-03
1.225093826651573181e-01
2.048437111079692841e-02
7.209575603184248394e-09
3.102233886718750000e+00
5.161021484375000000e+04
7.903980091214179993e-03
2.679690718650817871e-01
2.647294616699218750e+02
6.635699719481635839e-06
1.156671132775954902e-04
1.161472251709483317e-08
1.224722061306238174e-02
1.200651073455810547e+01
9.076310937500000000e+04
1.139401674270629883e+00
5.184798967093229294e-03
1.621025148779153824e-03
3.791886774706654251e-05
2.376652410021051764e-04
1.655302708968520164e-03
2.270167315145954490e-04
3.801534650847315788e-03
4.160919552000000000e+09
4.179813186055980623e-05
1.052896652221679688e+02
4.285666465759277344e+00
2.133901696652173996e-03
6.136332750320434570e-01
8.992599218750000000e+04
9.958822250366210938e+00
8.868846893310546875e+00
3.426169157028198242e+00
6.838402560000000000e+09
3.447532662903540768e-06
3.891173601150512695e+00
3.606739795714020147e-08
3.821221160888671875e+01
1.190008281250000000e+05
4.527248442173004150e-01
3.539409637451171875e+01
4.860038825427182019e-05
2.092074462890625000e+03
2.349560356140136719e+01
7.304230928421020508e-01
1.758995000272989273e-03
5.163192749023437500e+02
8.167405761718750000e+03
2.907084465026855469e+01
1.129062557220458984e+01
7.976606721058487892e-04
1.821366729736328125e+02
3.378652618266642094e-04
3.488455888600583421e-07
2.808389160156250000e+03
6.645254611968994141e+00
3.922701627016067505e-02
6.548012500000000000e+04
5.508653640747070312e+00
1.641167564800000000e+10
2.333836397156119347e-03
9.058285355567932129e-01
4.244544208049774170e-01
3.232425171972863609e-07
9.712822735309600830e-02
8.407254517078399658e-02
3.673625737428665161e-02
1.813638610839843750e+02
1.784449295882950537e-06
2.573488745838403702e-04
8.751191198825836182e-02
1.082233886718750000e+03
2.126957724613021128e-06
1.718974113464355469e-02
5.180602520704269409e-02
7.471751421689987183e-03
4.575267639160156250e+02
8.749440193176269531e+00
3.630720078945159912e-03
6.777305664062500000e+03
1.616591918945312500e+03
4.010570645332336426e-01
2.044815846602432430e-05
6.867991828585218173e-07
9.196136146783828735e-03
4.743176326155662537e-02
2.096640586853027344e+00
2.669864625204354525e-04
4.843950644135475159e-02
5.158491467904502150e+22
2.594705298542976379e-02
2.894717931747436523e+00
4.835887432098388672e+00
5.577641601562500000e+03
9.724290668964385986e-02
9.504225254058837891e-01
1.449692606925964355e+00
1.261854887008666992e+00
2.718769264221191406e+01
3.006484121215180494e-06
6.376281640625000000e+04
2.479981817305088043e-02
5.782241001725196838e-02
7.820389873813837767e-05
2.789541435241699219e+01
3.088182983398437500e+02
9.195344755426049232e-04
4.793799591064453125e+01
7.834951877593994141e-01
7.910099658614555551e-12
2.009420086324098520e-06
7.241257117129862309e-05
2.839071875000000000e+05
1.336076110601425171e-02
3.629952669143676758e-03
1.609710693359375000e+03
2.527295112609863281e+01
4.152318044958747123e-09
1.243231735229492188e+02
1.549852752685546875e+01
8.632711134850978851e-03
3.991187095642089844e+00
2.191629886627197266e+00
2.887176990509033203e+00
4.454370737075805664e-01
4.693527240306138992e-03
8.824835937500000000e+03
1.993184570312500000e+04
2.372315645217895508e+00
1.543610938824713230e-03
2.768425084650516510e-02
2.474554375000000000e+05
1.149947889462164996e+25
6.779869198799133301e-01
1.292742156982421875e+01
2.374148368835449219e+00
1.999038010835647583e-01
3.642357826232910156e+00
9.537157500000000000e+05
3.765558823943138123e-03
6.890049576759338379e-02
1.056760668754577637e+00
2.894935663789510727e-03
7.807962894439697266e+00
1.028494909405708313e-03
6.294155027717351913e-04
2.795842500000000000e+05
8.266707882285118103e-03
7.934850781250000000e+04
3.383919538464397192e-04
7.920718789100646973e-01
3.133584558963775635e-02
1.655361987650394440e-02
1.581415367126464844e+01
2.027354016900062561e-02
6.559157371520996094e+00
1.044953515625000000e+05
3.911499675268714782e-07
1.304278522729873657e-01
1.301211714744567871e+00
7.604340498801320791e-05
5.728815460205078125e+01
2.426722496747970581e-01
7.901544449850916862e-07
2.566045150160789490e-04
6.133438087999820709e-03
4.644742400000000000e+07
2.967040312500000000e+05
7.211139465216000000e+12
5.789618652343750000e+03
3.744813966477522627e-06
4.709316385742567945e-07
4.001545161008834839e-02
9.844976844800000000e+10
5.174540877342224121e-01
1.057649230957031250e+01
1.220095118686925773e-11
3.175173759460449219e+00
4.346311837434768677e-02
5.373034998774528503e-02
1.274857559204101562e+02
2.979906797409057617e+00
3.278926467895507812e+01
7.413610816001892090e-01
5.846165180206298828e+00
2.049049129709601402e-03
1.110318582504987717e-02
3.910506500000000000e+06
5.083694681525230408e-02
6.675589084625244141e-02
3.509939881041646004e-03
9.798261642456054688e+00
7.400007247924804688e-01
8.054179687500000000e+04
2.948837845906382427e-06
2.686658935546875000e+02
3.310880437493324280e-02
2.102207690477371216e-01
3.831521049141883850e-02
5.048959200000000000e+07
1.918151974678039551e-04
4.695877723861485720e-04
1.814201171875000000e+03
1.597123741703398991e-06
5.508805274963378906e+00
2.175699323415756226e-01
5.160663858987390995e-04
3.653570175170898438e+00
7.096625976562500000e+02
1.022499313354492188e+02
1.180485356599092484e-02
5.851949310302734375e+01
4.672923751058988273e-05
1.888140296936035156e+01
3.940112352371215820e+00
1.917252200655639172e-03
3.042153710937500000e+04
6.383587606251239777e-05
5.564934108406305313e-04
7.964118719100952148e-01
4.887773990631103516e+00
3.582362842280417681e-05
1.201210839843750000e+04
6.670764833688735962e-02
9.326591342687606812e-02
7.803475455148145556e-05
1.450370073318481445e+00
6.048283539712429047e-03
8.947252295911312103e-03
8.644197136163711548e-02
2.814821777343750000e+03
2.555243554525077343e-07
1.900652539916336536e-03
1.917164066389531740e-10
2.003301625000000000e+06
1.273885726928710938e+02
1.149111310951411724e-03
9.106558747589588165e-03
1.036811590194702148e+00
6.481412500000000000e+05
2.766312286257743835e-02
1.570340828038752079e-05
1.373684965074062347e-03
2.357816839548831922e-07
3.098863959312438965e-01
4.205864570394624025e-06
1.921590042114257812e+01
6.067609786987304688e+00
1.865141285861682263e-08
1.519874892608186201e-08
1.261328143300488591e-04
4.532471959517517396e-23
3.315024659968912601e-04
7.289070129394531250e+01
2.122833247995004058e-04
6.232335205078125000e+02
5.681026959791779518e-04
1.810488925002573524e-06
1.702648437500000000e+03
7.664836943149566650e-03
9.749166667461395264e-02
3.175710514187812805e-02
2.645865380764007568e-01
8.136662244796752930e-01
6.932318210601806641e-01
1.348322606645524502e-03
2.613945722579956055e+00
1.718941894531250000e+03
1.530527806608006358e-04
1.151043605804443359e+01
2.800328657031059265e-02
7.446809858083724976e-02
8.253292094195785467e-07
8.875828825694043189e-06
4.946130211465060711e-04
1.345530181424692273e-04
5.788326740264892578e+00
1.617771922610700130e-04
1.457577109336853027e+00
8.698043529875576496e-05
7.211338043212890625e+01
1.720980224609375000e+03
4.032110595703125000e+03
1.598241882324218750e+02
5.487241268157958984e+00
3.976820468902587891e+00
7.301993408203125000e+02
2.197611389160156250e+02
1.755771160125732422e+00
1.962300781250000000e+03
1.901651266962289810e-03
1.166878864169120789e-01
2.782226085662841797e+00
9.712055907584726810e-05
5.756543330903696187e-08
4.638821184635162354e-01
1.166596775874495506e-03
4.221197128295898438e+01
2.485967159271240234e+00
1.895090281323064119e-05
4.499907836914062500e+02
3.104581730440258980e-03
2.171781845390796661e-03
1.857628703117370605e+00
2.045554071664810181e-01
4.550289034455090587e-08
1.109204711914062500e+03
1.022545504383742809e-03
2.155621250000000000e+06
3.978833984375000000e+04
3.426407420192845166e-05
2.307505582166413660e-07
2.777859130859375000e+03
1.008024737238883972e-01
9.047585190273821354e-04
8.377308404305949807e-06
9.935518264770507812e+00
3.094947605859488249e-04
1.417994553776225075e-05
4.581749141216278076e-01
3.414411328125000000e+04
1.146185312500000000e+05
6.833041697973385453e-05
3.595788911070485483e-08
5.135116726160049438e-02
5.024416605010628700e-04
1.719172360026277602e-07
2.640076637268066406e+01
1.494419062500000000e+05
1.457148361206054688e+01
8.974661827087402344e+00
6.771655000000000000e+05
4.073260426521301270e-01
4.810450704439972469e-08
1.741866348311305046e-03
1.293218803405761719e+01
2.697224855422973633e+00
9.483914822340011597e-03
9.670325671322643757e-04
1.129702758789062500e+03
